16.68,84.33, 1015.52
16.68,84.33, 1015.57
16.68,84.33, 1015.59
16.68,84.32, 1015.61
16.69,84.32, 1015.62
16.68,84.32, 1015.58
16.69,84.31, 1015.63
16.69,84.31, 1015.6
16.69,84.3, 1015.64
16.69,84.3, 1015.69
16.69,84.3, 1015.65
16.69,84.29, 1015.64
16.69,84.29, 1015.63
16.7,84.29, 1015.63
16.69,84.29, 1015.67
16.69,84.28, 1015.57
16.7,84.28, 1015.58
16.7,84.28, 1015.58
16.7,84.27, 1015.55
16.7,84.27, 1015.59
16.7,84.27, 1015.57
16.7,84.27, 1015.6
16.7,84.27, 1015.63
16.7,84.27, 1015.66
16.7,84.27, 1015.61
16.7,84.26, 1015.63
16.7,84.27, 1015.63
16.7,84.27, 1015.6
16.7,84.27, 1015.62
16.7,84.27, 1015.62
16.7,84.27, 1015.63
16.69,84.27, 1015.65
16.7,84.27, 1015.67
16.69,84.27, 1015.68
16.69,84.27, 1015.67
16.7,84.27, 1015.69
16.7,84.28, 1015.69
16.7,84.27, 1015.72
16.69,84.28, 1015.72
16.69,84.27, 1015.74
16.69,84.28, 1015.73
16.69,84.28, 1015.7
16.69,84.28, 1015.71
16.69,84.28, 1015.72
16.69,84.28, 1015.74
16.69,84.28, 1015.75
16.69,84.29, 1015.81
16.69,84.29, 1015.86
16.69,84.29, 1015.81
16.69,84.29, 1015.85
16.69,84.29, 1015.85
16.69,84.29, 1015.82
16.69,84.29, 1015.86
16.69,84.29, 1015.84
16.69,84.3, 1015.85
16.69,84.3, 1015.89
16.69,84.3, 1015.88
16.69,84.3, 1015.94
16.7,84.31, 1015.94
16.69,84.3, 1015.96
16.7,84.3, 1015.94
16.69,84.31, 1015.97
16.69,84.31, 1015.94
16.69,84.31, 1015.96
16.69,84.31, 1015.96
16.69,84.31, 1015.95
16.69,84.31, 1015.92
16.69,84.32, 1015.92
16.69,84.32, 1015.94
16.69,84.32, 1015.97
16.69,84.32, 1015.95
16.69,84.32, 1015.97
16.69,84.32, 1016.02
16.69,84.32, 1016.03
16.69,84.33, 1016.0
16.69,84.33, 1015.96
16.68,84.33, 1016.0
16.68,84.33, 1016.0
16.69,84.33, 1016.01
16.68,84.34, 1016.01
16.69,84.33, 1015.98
16.68,84.34, 1015.96
16.69,84.34, 1015.98
16.69,84.34, 1015.97
16.68,84.34, 1015.96
16.69,84.34, 1016.0
16.69,84.34, 1016.0
16.68,84.35, 1015.96
16.68,84.35, 1015.97
16.69,84.35, 1015.98
16.68,84.35, 1015.96
16.68,84.35, 1015.95
16.68,84.35, 1015.97
16.69,84.36, 1016.02
16.68,84.36, 1016.06
16.68,84.36, 1016.03
16.69,84.36, 1016.02
16.69,84.36, 1016.04
16.68,84.36, 1016.03
16.68,84.36, 1015.99
16.69,84.36, 1016.03
16.69,84.36, 1016.03
16.69,84.36, 1016.0
16.68,84.37, 1016.01
16.68,84.37, 1016.06
16.68,84.37, 1016.06
16.68,84.37, 1016.04
16.68,84.37, 1016.05
16.68,84.37, 1016.05
16.68,84.37, 1016.09
16.68,84.37, 1016.1
16.68,84.37, 1016.05
16.68,84.37, 1016.02
16.68,84.38, 1015.98
16.68,84.38, 1016.07
16.69,84.38, 1016.05
16.68,84.38, 1016.02
16.68,84.38, 1016.07
16.69,84.38, 1016.1
16.68,84.39, 1016.1
16.69,84.38, 1016.1
16.69,84.39, 1016.07
16.69,84.39, 1016.1
16.68,84.39, 1016.1
16.68,84.39, 1016.09
16.68,84.39, 1016.05
16.67,84.39, 1016.02
16.68,84.39, 1016.04
16.68,84.39, 1016.01
16.67,84.39, 1015.97
16.68,84.39, 1016.0
16.67,84.4, 1016.02
16.68,84.4, 1016.0
16.67,84.39, 1016.01
16.67,84.4, 1016.06
16.67,84.4, 1016.05
16.67,84.4, 1016.03
16.67,84.4, 1016.03
16.67,84.4, 1016.04
16.67,84.4, 1016.01
16.67,84.41, 1016.02
16.67,84.41, 1016.02
16.68,84.4, 1016.08
16.67,84.41, 1016.02
16.67,84.41, 1015.99
16.67,84.4, 1016.04
16.67,84.41, 1016.04
16.68,84.41, 1016.03
16.67,84.41, 1016.08
16.67,84.41, 1016.1
16.68,84.41, 1016.08
16.67,84.41, 1016.09
16.67,84.42, 1016.15
16.67,84.42, 1016.13
16.67,84.42, 1016.19
16.68,84.42, 1016.22
16.67,84.42, 1016.25
16.67,84.42, 1016.24
16.68,84.43, 1016.22
16.68,84.42, 1016.23
16.67,84.42, 1016.19
16.67,84.43, 1016.21
16.67,84.43, 1016.2
16.67,84.43, 1016.22
16.68,84.43, 1016.21
16.67,84.43, 1016.18
16.68,84.43, 1016.22
16.67,84.43, 1016.26
16.68,84.43, 1016.34
16.68,84.44, 1016.28
16.68,84.43, 1016.28
16.68,84.44, 1016.28
16.67,84.44, 1016.31
16.67,84.44, 1016.31
16.67,84.44, 1016.3
16.67,84.44, 1016.28
16.67,84.45, 1016.27
16.67,84.44, 1016.3
16.67,84.44, 1016.38
16.68,84.44, 1016.29
16.68,84.45, 1016.33
16.67,84.45, 1016.32
16.67,84.44, 1016.33
16.67,84.45, 1016.35
16.67,84.45, 1016.33
16.67,84.45, 1016.31
16.67,84.45, 1016.35
16.67,84.45, 1016.38
16.67,84.46, 1016.36
16.67,84.45, 1016.33
16.67,84.46, 1016.32
16.67,84.46, 1016.35
16.67,84.45, 1016.35
16.67,84.46, 1016.41
16.67,84.46, 1016.41
16.67,84.46, 1016.33
16.68,84.46, 1016.36
16.68,84.46, 1016.38
16.67,84.46, 1016.38
16.68,84.46, 1016.41
16.68,84.46, 1016.41
16.67,84.47, 1016.4
16.67,84.47, 1016.46
16.67,84.46, 1016.4
16.67,84.47, 1016.41
16.67,84.47, 1016.41
16.67,84.47, 1016.46
16.67,84.47, 1016.45
16.67,84.47, 1016.43
16.67,84.47, 1016.41
16.67,84.47, 1016.41
16.67,84.47, 1016.42
16.68,84.48, 1016.48
16.67,84.48, 1016.48
16.68,84.48, 1016.45
16.68,84.48, 1016.48
16.67,84.48, 1016.49
16.67,84.48, 1016.46
16.67,84.49, 1016.43
16.67,84.49, 1016.45
16.67,84.49, 1016.5
16.67,84.49, 1016.55
16.68,84.49, 1016.58
16.67,84.49, 1016.51
16.68,84.49, 1016.53
16.68,84.49, 1016.52
16.68,84.49, 1016.48
16.68,84.49, 1016.52
16.67,84.49, 1016.53
16.68,84.49, 1016.51
16.67,84.49, 1016.51
16.68,84.49, 1016.53
16.68,84.5, 1016.53
16.68,84.5, 1016.53
16.68,84.49, 1016.52
16.68,84.5, 1016.53
16.68,84.5, 1016.48
16.68,84.5, 1016.51
16.68,84.5, 1016.5
16.67,84.5, 1016.48
16.67,84.5, 1016.51
16.67,84.5, 1016.57
16.67,84.5, 1016.53
16.67,84.5, 1016.49
16.67,84.5, 1016.53
16.67,84.51, 1016.53
16.68,84.5, 1016.54
16.67,84.5, 1016.52
16.67,84.51, 1016.55
16.68,84.51, 1016.56
16.68,84.51, 1016.5
16.68,84.51, 1016.47
16.68,84.51, 1016.52
16.67,84.51, 1016.5
16.68,84.51, 1016.51
16.68,84.51, 1016.52
16.68,84.51, 1016.53
16.66,84.52, 1016.51
16.68,84.51, 1016.53
16.67,84.52, 1016.51
16.68,84.51, 1016.46
16.67,84.51, 1016.5
16.67,84.52, 1016.52
16.67,84.52, 1016.49
16.68,84.52, 1016.51
16.68,84.52, 1016.52
16.67,84.53, 1016.51
16.68,84.52, 1016.53
16.67,84.52, 1016.54
16.67,84.52, 1016.53
16.67,84.52, 1016.5
16.66,84.53, 1016.52
16.67,84.52, 1016.54
16.67,84.53, 1016.59
16.67,84.53, 1016.62
16.67,84.53, 1016.6
16.68,84.53, 1016.58
16.68,84.53, 1016.59
16.68,84.53, 1016.6
16.68,84.53, 1016.61
16.67,84.53, 1016.6
16.68,84.53, 1016.58
16.68,84.53, 1016.56
16.67,84.53, 1016.57
16.68,84.53, 1016.55
16.68,84.53, 1016.58
16.67,84.53, 1016.59
16.68,84.54, 1016.58
16.69,84.53, 1016.58
16.68,84.54, 1016.58
16.68,84.54, 1016.64
16.68,84.54, 1016.62
16.68,84.54, 1016.62
16.68,84.54, 1016.63
16.68,84.54, 1016.67
16.67,84.55, 1016.65
16.68,84.54, 1016.63
16.68,84.55, 1016.7
16.69,84.54, 1016.66
16.68,84.55, 1016.72
16.68,84.55, 1016.67
16.67,84.55, 1016.67
16.69,84.55, 1016.71
16.68,84.55, 1016.65
16.68,84.55, 1016.73
16.68,84.55, 1016.71
16.68,84.55, 1016.76
16.68,84.55, 1016.72
16.68,84.55, 1016.72
16.68,84.55, 1016.74
16.69,84.55, 1016.81
16.68,84.56, 1016.86
16.68,84.55, 1016.86
16.68,84.56, 1016.78
16.68,84.56, 1016.83
16.69,84.56, 1016.83
16.68,84.56, 1016.79
16.69,84.56, 1016.75
16.68,84.56, 1016.75
16.69,84.55, 1016.81
16.68,84.55, 1016.83
16.68,84.56, 1016.84
16.68,84.56, 1016.76
16.69,84.56, 1016.83
16.69,84.56, 1016.84
16.69,84.56, 1016.76
16.68,84.56, 1016.74
16.69,84.57, 1016.79
16.68,84.56, 1016.81
16.69,84.57, 1016.78
16.69,84.57, 1016.84
16.68,84.56, 1016.78
16.69,84.58, 1016.76
16.68,84.56, 1016.73
16.69,84.58, 1016.75
16.69,84.57, 1016.75
16.69,84.58, 1016.76
16.69,84.57, 1016.77
16.69,84.58, 1016.78
16.69,84.58, 1016.78
16.69,84.58, 1016.79
16.69,84.58, 1016.77
16.69,84.58, 1016.82
16.69,84.58, 1016.83
16.69,84.58, 1016.87
16.69,84.58, 1016.86
16.69,84.58, 1016.81
16.69,84.58, 1016.73
16.68,84.58, 1016.78
16.69,84.58, 1016.76
16.69,84.58, 1016.8
16.7,84.59, 1016.83
16.69,84.56, 1016.81
16.69,84.59, 1016.75
16.69,84.59, 1016.72
16.69,84.58, 1016.75
16.69,84.58, 1016.74
16.69,84.58, 1016.76
16.69,84.59, 1016.71
16.69,84.59, 1016.72
16.68,84.58, 1016.71
16.69,84.58, 1016.71
16.69,84.59, 1016.75
16.69,84.59, 1016.78
16.7,84.59, 1016.74
16.69,84.59, 1016.74
16.69,84.6, 1016.72
16.69,84.59, 1016.7
16.69,84.59, 1016.7
16.7,84.6, 1016.74
16.7,84.59, 1016.71
16.7,84.59, 1016.62
16.69,84.6, 1016.64
16.7,84.59, 1016.64
16.69,84.6, 1016.68
16.7,84.59, 1016.64
16.7,84.59, 1016.64
16.7,84.6, 1016.66
16.7,84.6, 1016.68
16.7,84.6, 1016.67
16.7,84.6, 1016.67
16.7,84.6, 1016.67
16.69,84.6, 1016.66
16.69,84.6, 1016.63
16.7,84.6, 1016.62
16.7,84.6, 1016.6
16.7,84.6, 1016.61
16.7,84.61, 1016.63
16.7,84.6, 1016.65
16.7,84.6, 1016.68
16.7,84.61, 1016.68
16.7,84.61, 1016.73
16.7,84.61, 1016.69
16.7,84.61, 1016.67
16.7,84.61, 1016.65
16.7,84.61, 1016.65
16.7,84.61, 1016.62
16.7,84.61, 1016.66
16.7,84.61, 1016.64
16.7,84.61, 1016.65
16.7,84.62, 1016.65
16.7,84.61, 1016.69
16.7,84.62, 1016.67
16.7,84.62, 1016.67
16.69,84.61, 1016.66
16.71,84.62, 1016.72
16.7,84.62, 1016.7
16.71,84.62, 1016.67
16.71,84.62, 1016.68
16.7,84.62, 1016.65
16.71,84.62, 1016.64
16.7,84.62, 1016.62
16.7,84.62, 1016.66
16.71,84.62, 1016.67
16.7,84.62, 1016.63
16.7,84.62, 1016.53
16.71,84.62, 1016.62
16.7,84.62, 1016.61
16.71,84.62, 1016.64
16.71,84.62, 1016.65
16.71,84.62, 1016.64
16.7,84.62, 1016.64
16.71,84.62, 1016.62
16.7,84.62, 1016.63
16.71,84.63, 1016.62
16.71,84.63, 1016.64
16.71,84.63, 1016.62
16.71,84.63, 1016.65
16.7,84.63, 1016.66
16.71,84.63, 1016.68
16.72,84.64, 1016.7
16.72,84.64, 1016.66
16.72,84.64, 1016.68
16.71,84.63, 1016.69
16.71,84.63, 1016.74
16.72,84.64, 1016.7
16.72,84.63, 1016.73
16.71,84.64, 1016.71
16.72,84.64, 1016.69
16.72,84.64, 1016.71
16.73,84.65, 1016.7
16.72,84.64, 1016.72
16.72,84.64, 1016.75
16.71,84.64, 1016.7
16.72,84.64, 1016.72
16.72,84.64, 1016.72
16.72,84.64, 1016.69
16.73,84.65, 1016.73
16.72,84.64, 1016.72
16.72,84.64, 1016.7
16.73,84.65, 1016.72
16.72,84.64, 1016.72
16.73,84.65, 1016.77
16.73,84.65, 1016.76
16.72,84.65, 1016.75
16.73,84.65, 1016.76
16.72,84.65, 1016.74
16.73,84.66, 1016.77
16.72,84.64, 1016.73
16.72,84.65, 1016.71
16.73,84.66, 1016.72
16.73,84.65, 1016.67
16.73,84.65, 1016.74
16.73,84.66, 1016.73
16.73,84.66, 1016.7
16.73,84.65, 1016.68
16.73,84.65, 1016.72
16.73,84.66, 1016.71
16.73,84.66, 1016.7
16.73,84.66, 1016.7
16.73,84.66, 1016.75
16.73,84.66, 1016.72
16.73,84.66, 1016.7
16.73,84.66, 1016.74
16.73,84.66, 1016.74
16.74,84.66, 1016.75
16.73,84.66, 1016.76
16.73,84.66, 1016.74
16.73,84.66, 1016.74
16.73,84.66, 1016.76
16.73,84.66, 1016.76
16.73,84.66, 1016.79
16.74,84.66, 1016.8
16.73,84.66, 1016.74
16.73,84.66, 1016.81
16.74,84.66, 1016.81
16.73,84.66, 1016.8
16.74,84.66, 1016.78
16.74,84.67, 1016.76
16.74,84.67, 1016.78
16.74,84.66, 1016.79
16.74,84.66, 1016.73
16.75,84.66, 1016.73
16.74,84.67, 1016.74
16.74,84.66, 1016.79
16.75,84.67, 1016.76
16.75,84.67, 1016.76
16.75,84.66, 1016.78
16.74,84.67, 1016.82
16.75,84.67, 1016.84
16.75,84.67, 1016.85
16.75,84.67, 1016.83
16.75,84.67, 1016.83
16.75,84.67, 1016.85
16.75,84.67, 1016.85
16.75,84.67, 1016.85
16.75,84.67, 1016.88
16.75,84.67, 1016.82
16.75,84.67, 1016.87
16.75,84.67, 1016.86
16.75,84.67, 1016.86
16.75,84.67, 1016.95
16.75,84.68, 1016.99
16.76,84.68, 1016.99
16.75,84.68, 1016.9
16.75,84.68, 1016.84
16.76,84.68, 1016.94
16.75,84.68, 1016.84
16.75,84.68, 1016.84
16.75,84.68, 1016.83
16.75,84.68, 1016.85
16.75,84.68, 1016.88
16.75,84.68, 1016.92
16.75,84.68, 1016.98
16.76,84.68, 1016.91
16.76,84.68, 1016.93
16.76,84.68, 1016.85
16.75,84.68, 1016.91
16.76,84.68, 1016.91
16.76,84.68, 1016.9
16.77,84.68, 1016.92
16.76,84.68, 1016.94
16.75,84.68, 1016.88
16.76,84.68, 1016.92
16.77,84.68, 1016.94
16.76,84.68, 1017.04
16.76,84.69, 1016.98
16.76,84.68, 1016.93
16.76,84.68, 1016.92
16.76,84.68, 1016.93
16.76,84.69, 1016.96
16.76,84.69, 1016.93
16.76,84.68, 1016.95
16.77,84.69, 1016.96
16.76,84.69, 1016.96
16.77,84.69, 1017.0
16.77,84.69, 1017.01
16.77,84.69, 1016.98
16.77,84.69, 1016.98
16.77,84.69, 1016.95
16.76,84.69, 1016.97
16.77,84.69, 1016.92
16.76,84.69, 1016.94
16.77,84.69, 1016.94
16.77,84.69, 1016.91
16.76,84.7, 1016.9
16.77,84.69, 1016.93
16.77,84.69, 1016.96
16.77,84.71, 1016.94
16.77,84.71, 1017.02
16.77,84.7, 1017.01
16.77,84.71, 1017.03
16.77,84.7, 1017.06
16.76,84.7, 1017.01
16.77,84.7, 1017.03
16.77,84.7, 1016.95
16.77,84.7, 1017.06
16.77,84.7, 1017.06
16.77,84.71, 1017.05
16.77,84.7, 1017.08
16.77,84.71, 1017.06
16.77,84.71, 1017.09
16.77,84.71, 1017.05
16.77,84.71, 1017.03
16.77,84.71, 1017.06
16.78,84.71, 1017.14
16.77,84.7, 1017.04
16.77,84.71, 1017.1
16.77,84.71, 1017.1
16.76,84.7, 1017.1
16.77,84.71, 1017.08
16.77,84.71, 1017.06
16.77,84.71, 1017.07
16.77,84.71, 1017.11
16.77,84.74, 1017.12
16.77,84.71, 1017.09
16.77,84.71, 1017.08
16.77,84.71, 1017.13
16.77,84.71, 1017.09
16.77,84.71, 1017.05
16.77,84.7, 1017.01
16.77,84.71, 1017.02
16.78,84.72, 1017.07
16.77,84.71, 1017.09
16.77,84.71, 1017.06
16.77,84.71, 1017.11
16.78,84.72, 1017.06
16.77,84.71, 1017.04
16.78,84.72, 1017.06
16.77,84.71, 1017.0
16.78,84.72, 1017.06
16.77,84.74, 1017.03
16.77,84.71, 1017.01
16.78,84.72, 1016.98
16.77,84.71, 1016.98
16.78,84.72, 1017.01
16.78,84.72, 1017.05
16.78,84.72, 1017.02
16.79,84.72, 1017.11
16.78,84.72, 1017.06
16.78,84.72, 1017.03
16.78,84.72, 1017.05
16.78,84.72, 1017.02
16.78,84.72, 1017.01
16.78,84.73, 1016.97
16.78,84.72, 1016.96
16.78,84.72, 1017.01
16.79,84.72, 1017.08
16.79,84.72, 1016.97
16.78,84.73, 1016.94
16.79,84.73, 1016.97
16.79,84.74, 1016.98
16.78,84.73, 1016.94
16.79,84.73, 1016.94
16.79,84.73, 1016.95
16.79,84.73, 1016.94
16.79,84.73, 1016.94
16.78,84.73, 1016.94
16.79,84.73, 1016.97
16.79,84.71, 1016.91
16.79,84.73, 1016.97
16.78,84.73, 1016.9
16.79,84.73, 1016.94
16.78,84.73, 1016.9
16.79,84.73, 1016.93
16.79,84.73, 1016.98
16.8,84.73, 1016.98
16.79,84.73, 1016.92
16.79,84.73, 1016.91
16.8,84.73, 1016.91
16.8,84.73, 1016.89
16.8,84.73, 1016.95
16.8,84.73, 1016.96
16.8,84.73, 1016.99
16.8,84.73, 1016.93
16.8,84.73, 1016.94
16.8,84.73, 1016.89
16.8,84.73, 1016.91
16.8,84.73, 1016.88
16.8,84.73, 1016.89
16.79,84.74, 1016.92
16.8,84.73, 1016.96
16.81,84.73, 1017.01
16.8,84.74, 1017.04
16.8,84.74, 1017.02
16.8,84.74, 1016.95
16.8,84.73, 1016.94
16.81,84.74, 1016.95
16.8,84.73, 1016.95
16.8,84.73, 1016.92
16.8,84.73, 1016.93
16.8,84.74, 1016.92
16.81,84.74, 1016.96
16.81,84.74, 1016.95
16.8,84.74, 1016.93
16.81,84.74, 1016.92
16.81,84.74, 1016.91
16.8,84.74, 1016.93
16.81,84.74, 1016.95
16.8,84.74, 1016.93
16.8,84.74, 1016.95
16.81,84.74, 1016.97
16.8,84.74, 1016.92
16.8,84.75, 1016.89
16.8,84.74, 1016.91
16.81,84.74, 1016.92
16.81,84.74, 1016.94
16.81,84.74, 1016.94
16.81,84.75, 1016.96
16.81,84.75, 1016.92
16.81,84.74, 1016.96
16.81,84.76, 1016.96
16.81,84.76, 1016.94
16.81,84.75, 1016.88
16.81,84.75, 1016.9
16.81,84.75, 1016.91
16.81,84.75, 1016.92
16.81,84.76, 1016.92
16.82,84.76, 1016.95
16.81,84.76, 1016.96
16.81,84.76, 1016.99
16.81,84.75, 1016.93
16.81,84.75, 1016.86
16.81,84.75, 1016.91
16.82,84.76, 1016.92
16.81,84.76, 1016.92
16.81,84.76, 1016.91
16.81,84.77, 1016.95
16.82,84.76, 1017.0
16.82,84.77, 1016.94
16.82,84.77, 1016.96
16.82,84.76, 1016.93
16.82,84.76, 1016.92
16.82,84.76, 1016.98
16.82,84.77, 1016.95
16.82,84.77, 1016.94
16.82,84.77, 1016.94
16.82,84.77, 1016.97
16.82,84.77, 1016.92
16.82,84.77, 1016.92
16.82,84.77, 1016.96
16.81,84.76, 1016.95
16.82,84.77, 1016.98
16.81,84.77, 1016.98
16.82,84.77, 1016.96
16.82,84.77, 1016.97
16.82,84.77, 1016.94
16.82,84.78, 1016.95
16.82,84.77, 1016.98
16.83,84.77, 1016.98
16.82,84.77, 1016.92
16.82,84.77, 1016.94
16.82,84.78, 1017.0
16.82,84.78, 1016.99
16.82,84.78, 1017.0
16.83,84.78, 1016.99
16.83,84.78, 1017.05
16.83,84.78, 1016.99
16.83,84.78, 1016.99
16.82,84.78, 1016.97
16.83,84.78, 1016.96
16.83,84.78, 1016.97
16.83,84.78, 1016.98
16.83,84.78, 1017.04
16.82,84.78, 1017.05
16.83,84.78, 1016.99
16.83,84.78, 1017.05
16.83,84.78, 1016.98
16.83,84.78, 1016.96
16.83,84.78, 1016.95
16.83,84.79, 1016.98
16.83,84.78, 1017.01
16.83,84.79, 1017.02
16.83,84.78, 1016.98
16.83,84.78, 1016.99
16.83,84.79, 1017.0
16.83,84.78, 1017.0
16.84,84.79, 1016.96
16.83,84.78, 1016.95
16.84,84.79, 1016.94
16.84,84.79, 1016.97
16.84,84.79, 1016.91
16.84,84.79, 1016.91
16.84,84.79, 1016.89
16.83,84.79, 1016.91
16.83,84.79, 1016.94
16.84,84.78, 1016.93
16.84,84.79, 1016.94
16.84,84.79, 1016.93
16.84,84.79, 1016.92
16.84,84.79, 1016.92
16.84,84.79, 1016.94
16.83,84.79, 1016.94
16.84,84.79, 1016.94
16.85,84.79, 1016.94
16.84,84.79, 1016.91
16.84,84.79, 1016.92
16.84,84.79, 1016.92
16.84,84.79, 1016.95
16.85,84.79, 1016.92
16.84,84.79, 1016.92
16.84,84.8, 1016.93
16.84,84.79, 1016.95
16.84,84.79, 1016.98
16.84,84.79, 1016.94
16.84,84.8, 1016.9
16.84,84.8, 1016.95
16.85,84.79, 1016.95
16.84,84.8, 1016.89
16.84,84.8, 1016.97
16.84,84.8, 1016.92
16.84,84.8, 1016.96
16.85,84.8, 1016.96
16.85,84.8, 1017.01
16.85,84.8, 1016.93
16.85,84.8, 1016.89
16.85,84.8, 1016.9
16.85,84.8, 1016.93
16.84,84.8, 1016.9
16.84,84.8, 1016.91
16.84,84.8, 1016.91
16.85,84.8, 1016.93
16.85,84.8, 1016.94
16.85,84.8, 1016.98
16.85,84.8, 1016.99
16.85,84.8, 1016.98
16.85,84.8, 1016.91
16.85,84.8, 1016.96
16.85,84.8, 1016.9
16.85,84.8, 1016.94
16.85,84.8, 1016.96
16.85,84.8, 1016.9
16.85,84.81, 1016.93
16.85,84.81, 1016.98
16.86,84.8, 1017.0
16.86,84.8, 1017.0
16.85,84.81, 1016.97
16.85,84.8, 1017.02
16.85,84.81, 1017.01
16.85,84.81, 1016.98
16.86,84.8, 1017.04
16.86,84.8, 1017.01
16.85,84.81, 1017.01
16.85,84.81, 1017.02
16.86,84.81, 1017.03
16.85,84.81, 1017.05
16.86,84.81, 1017.03
16.85,84.81, 1016.99
16.85,84.81, 1016.99
16.86,84.81, 1017.05
16.85,84.81, 1017.01
16.86,84.81, 1017.05
16.86,84.81, 1017.05
16.87,84.82, 1017.02
16.86,84.81, 1017.02
16.85,84.81, 1017.04
16.86,84.81, 1017.04
16.86,84.81, 1017.04
16.86,84.83, 1017.04
16.86,84.81, 1017.07
16.87,84.82, 1017.04
16.87,84.81, 1017.04
16.87,84.82, 1017.07
16.87,84.82, 1017.04
16.87,84.82, 1017.04
16.86,84.81, 1017.08
16.87,84.82, 1017.07
16.87,84.82, 1017.03
16.87,84.81, 1017.07
16.87,84.82, 1017.05
16.86,84.81, 1017.04
16.87,84.82, 1017.1
16.87,84.82, 1017.1
16.87,84.82, 1017.1
16.87,84.82, 1017.14
16.87,84.82, 1017.11
16.88,84.82, 1017.09
16.88,84.82, 1017.09
16.87,84.82, 1017.07
16.88,84.82, 1017.09
16.87,84.82, 1017.06
16.87,84.82, 1017.07
16.87,84.82, 1017.11
16.88,84.82, 1017.12
16.87,84.82, 1017.08
16.88,84.82, 1017.11
16.88,84.83, 1017.09
16.87,84.82, 1017.06
16.87,84.82, 1017.06
16.88,84.82, 1017.05
16.87,84.82, 1017.07
16.87,84.82, 1017.08
16.87,84.83, 1017.08
16.87,84.82, 1017.03
16.87,84.82, 1017.03
16.88,84.82, 1017.03
16.88,84.82, 1017.06
16.88,84.82, 1017.02
16.88,84.83, 1017.03
16.88,84.83, 1017.02
16.87,84.83, 1017.04
16.88,84.83, 1017.06
16.88,84.83, 1017.05
16.88,84.83, 1017.05
16.88,84.83, 1017.03
16.88,84.83, 1017.02
16.88,84.83, 1017.0
16.88,84.83, 1017.02
16.88,84.83, 1017.01
16.89,84.83, 1017.02
16.88,84.83, 1017.02
16.89,84.83, 1017.05
16.89,84.83, 1017.07
16.89,84.83, 1017.05
16.88,84.83, 1017.03
16.89,84.83, 1017.07
16.89,84.83, 1017.04
16.89,84.83, 1017.02
16.88,84.83, 1017.0
16.89,84.83, 1017.04
16.89,84.83, 1017.04
16.89,84.84, 1017.06
16.88,84.83, 1017.04
16.89,84.83, 1017.0
16.89,84.83, 1017.0
16.89,84.84, 1017.02
16.89,84.83, 1017.03
16.89,84.83, 1017.01
16.89,84.84, 1017.03
16.89,84.84, 1017.06
16.89,84.84, 1017.02
16.89,84.84, 1017.03
16.88,84.84, 1017.05
16.89,84.84, 1017.07
16.89,84.84, 1017.04
16.89,84.84, 1017.07
16.9,84.84, 1017.1
16.89,84.83, 1017.02
16.9,84.84, 1016.99
16.9,84.84, 1017.05
16.9,84.84, 1017.03
16.89,84.84, 1017.03
16.9,84.84, 1017.06
16.89,84.84, 1017.06
16.9,84.84, 1017.04
16.9,84.84, 1016.98
16.91,84.84, 1017.01
16.9,84.84, 1017.01
16.9,84.84, 1016.97
16.9,84.84, 1016.94
16.9,84.84, 1016.94
16.9,84.83, 1016.94
16.9,84.82, 1016.93
16.9,84.84, 1016.96
16.9,84.84, 1016.94
16.9,84.84, 1016.9
16.9,84.84, 1016.92
16.9,84.84, 1016.92
16.9,84.84, 1016.96
16.9,84.84, 1016.92
16.9,84.84, 1016.9
16.91,84.84, 1016.96
16.9,84.84, 1016.94
16.91,84.84, 1017.02
16.91,84.84, 1016.96
16.91,84.85, 1016.95
16.91,84.84, 1016.99
16.91,84.84, 1016.95
16.91,84.84, 1016.99
16.91,84.85, 1016.89
16.91,84.84, 1016.92
16.91,84.85, 1017.0
16.91,84.85, 1017.02
16.91,84.84, 1016.92
16.91,84.85, 1016.87
16.91,84.85, 1016.91
16.92,84.86, 1016.87
16.92,84.86, 1016.95
16.92,84.86, 1016.94
16.92,84.86, 1016.95
16.92,84.86, 1016.92
16.91,84.85, 1016.94
16.91,84.85, 1016.92
16.91,84.85, 1016.92
16.91,84.85, 1016.97
16.91,84.85, 1016.88
16.91,84.85, 1016.89
16.92,84.87, 1016.9
16.91,84.85, 1016.91
16.92,84.86, 1016.95
16.91,84.87, 1016.91
16.92,84.86, 1016.93
16.92,84.87, 1016.94
16.92,84.86, 1016.91
16.92,84.87, 1016.88
16.91,84.87, 1016.83
16.92,84.87, 1016.87
16.92,84.86, 1016.87
16.92,84.87, 1016.88
16.92,84.86, 1016.91
16.92,84.87, 1016.92
16.92,84.87, 1016.83
16.92,84.87, 1016.82
16.92,84.86, 1016.9
16.92,84.87, 1016.89
16.92,84.87, 1016.89
16.92,84.86, 1016.88
16.92,84.87, 1016.87
16.92,84.87, 1016.82
16.92,84.87, 1016.81
16.92,84.86, 1016.82
16.92,84.87, 1016.82
16.92,84.87, 1016.88
16.93,84.87, 1016.86
16.92,84.87, 1016.85
16.93,84.87, 1016.82
16.92,84.87, 1016.8
16.92,84.86, 1016.81
16.92,84.87, 1016.85
16.92,84.87, 1016.79
16.93,84.86, 1016.82
16.92,84.87, 1016.79
16.92,84.87, 1016.81
16.92,84.88, 1016.81
16.93,84.87, 1016.76
16.92,84.87, 1016.79
16.92,84.87, 1016.84
16.92,84.87, 1016.84
16.93,84.87, 1016.82
16.93,84.87, 1016.79
16.93,84.87, 1016.83
16.93,84.87, 1016.82
16.93,84.87, 1016.87
16.92,84.87, 1016.82
16.93,84.87, 1016.81
16.93,84.87, 1016.82
16.93,84.87, 1016.83
16.93,84.87, 1016.82
16.92,84.87, 1016.79
16.93,84.87, 1016.81
16.93,84.88, 1016.81
16.92,84.87, 1016.86
16.92,84.87, 1016.84
16.93,84.88, 1016.74
16.93,84.87, 1016.77
16.93,84.88, 1016.77
16.93,84.87, 1016.76
16.93,84.87, 1016.78
16.93,84.86, 1016.75
16.93,84.88, 1016.78
16.94,84.88, 1016.77
16.93,84.88, 1016.77
16.93,84.88, 1016.79
16.93,84.88, 1016.75
16.93,84.88, 1016.77
16.93,84.88, 1016.77
16.93,84.87, 1016.78
16.93,84.88, 1016.75
16.93,84.88, 1016.74
16.93,84.88, 1016.76
16.94,84.88, 1016.77
16.94,84.88, 1016.76
16.94,84.88, 1016.79
16.94,84.88, 1016.78
16.94,84.88, 1016.76
16.94,84.88, 1016.77
16.94,84.88, 1016.76
16.94,84.88, 1016.77
16.94,84.88, 1016.74
16.93,84.88, 1016.72
16.94,84.88, 1016.73
16.94,84.88, 1016.74
16.95,84.88, 1016.74
16.94,84.88, 1016.74
16.94,84.88, 1016.79
16.94,84.88, 1016.78
16.95,84.88, 1016.82
16.94,84.89, 1016.8
16.95,84.89, 1016.81
16.94,84.89, 1016.79
16.95,84.89, 1016.82
16.94,84.89, 1016.84
16.94,84.89, 1016.87
16.93,84.89, 1016.78
16.95,84.89, 1016.83
16.95,84.89, 1016.81
16.95,84.89, 1016.79
16.95,84.9, 1016.83
16.94,84.89, 1016.82
16.95,84.89, 1016.85
16.94,84.9, 1016.81
16.94,84.9, 1016.87
16.95,84.9, 1016.89
16.95,84.9, 1016.89
16.95,84.9, 1016.87
16.95,84.9, 1016.87
16.95,84.9, 1016.84
16.95,84.91, 1016.82
16.96,84.91, 1016.86
16.95,84.91, 1016.81
16.96,84.91, 1016.87
16.96,84.91, 1016.9
16.95,84.9, 1016.9
16.95,84.92, 1016.91
16.95,84.91, 1016.9
16.95,84.91, 1016.86
16.95,84.91, 1016.87
16.96,84.91, 1016.91
16.96,84.92, 1016.9
16.96,84.92, 1016.9
16.96,84.92, 1016.93
16.96,84.91, 1016.92
16.97,84.92, 1016.94
16.96,84.92, 1016.9
16.96,84.92, 1016.93
16.96,84.92, 1016.94
16.96,84.92, 1016.93
16.96,84.92, 1016.91
16.96,84.93, 1016.94
16.96,84.92, 1016.9
16.97,84.92, 1016.92
16.96,84.92, 1016.93
16.96,84.92, 1016.95
16.97,84.92, 1016.91
16.97,84.92, 1016.91
16.97,84.92, 1016.94
16.97,84.91, 1016.9
16.98,84.92, 1016.94
16.98,84.93, 1016.94
16.97,84.93, 1016.93
16.97,84.92, 1016.96
16.97,84.93, 1016.92
16.97,84.93, 1016.96
16.97,84.92, 1016.98
16.97,84.93, 1016.93
16.97,84.93, 1016.96
16.98,84.93, 1017.0
16.97,84.93, 1017.01
16.97,84.93, 1016.96
16.98,84.92, 1016.98
16.97,84.93, 1016.97
16.97,84.93, 1016.95
16.98,84.93, 1016.97
16.98,84.93, 1016.99
16.97,84.92, 1016.96
16.98,84.93, 1016.97
16.98,84.92, 1017.01
16.99,84.92, 1017.01
16.98,84.93, 1017.09
16.98,84.93, 1017.05
16.98,84.93, 1017.05
16.98,84.93, 1017.02
16.98,84.93, 1017.0
16.98,84.93, 1016.98
16.98,84.92, 1017.0
16.98,84.94, 1017.01
16.98,84.92, 1017.01
16.99,84.92, 1017.05
16.98,84.92, 1017.05
16.98,84.93, 1017.03
16.98,84.93, 1017.07
16.98,84.93, 1017.05
16.98,84.93, 1017.09
16.98,84.93, 1017.01
16.98,84.92, 1016.99
16.98,84.93, 1017.02
16.99,84.92, 1017.03
16.99,84.92, 1017.05
16.99,84.91, 1017.03
16.98,84.92, 1017.01
16.99,84.92, 1017.06
16.99,84.92, 1017.08
16.99,84.92, 1017.03
16.99,84.92, 1017.07
16.99,84.92, 1017.02
17.0,84.92, 1016.99
16.99,84.92, 1016.97
16.99,84.92, 1017.01
17.0,84.92, 1017.03
17.0,84.93, 1017.06
16.99,84.92, 1017.03
16.99,84.92, 1017.1
16.99,84.92, 1017.1
16.99,84.92, 1017.13
16.99,84.92, 1017.1
16.99,84.92, 1017.11
17.0,84.92, 1017.11
16.99,84.92, 1017.09
17.0,84.92, 1017.14
17.0,84.92, 1017.11
16.99,84.92, 1017.1
17.0,84.92, 1017.1
16.99,84.93, 1017.14
17.0,84.92, 1017.14
17.0,84.92, 1017.15
17.0,84.94, 1017.17
17.0,84.92, 1017.16
17.0,84.94, 1017.19
17.0,84.94, 1017.22
17.0,84.94, 1017.22
17.0,84.93, 1017.19
17.0,84.93, 1017.18
17.0,84.94, 1017.17
17.0,84.94, 1017.21
17.0,84.93, 1017.21
17.0,84.94, 1017.19
17.01,84.94, 1017.16
17.0,84.94, 1017.12
17.0,84.93, 1017.13
17.0,84.94, 1017.17
17.0,84.94, 1017.15
17.0,84.93, 1017.14
17.0,84.94, 1017.14
17.0,84.94, 1017.14
17.0,84.94, 1017.11
17.0,84.93, 1017.11
17.0,84.93, 1017.11
17.01,84.94, 1017.14
17.01,84.94, 1017.14
17.0,84.94, 1017.09
17.0,84.94, 1017.11
17.0,84.94, 1017.1
17.01,84.94, 1017.11
17.01,84.93, 1017.13
17.01,84.94, 1017.15
17.01,84.94, 1017.13
17.01,84.94, 1017.13
17.01,84.94, 1017.1
17.01,84.94, 1017.06
17.0,84.94, 1017.07
17.01,84.93, 1017.09
17.01,84.94, 1017.08
17.01,84.94, 1017.13
17.01,84.94, 1017.15
17.01,84.94, 1017.19
17.01,84.94, 1017.13
17.01,84.94, 1017.15
17.01,84.94, 1017.15
17.01,84.94, 1017.2
17.01,84.94, 1017.18
17.01,84.94, 1017.22
17.02,84.94, 1017.2
17.01,84.94, 1017.21
17.01,84.94, 1017.16
17.01,84.94, 1017.2
17.01,84.94, 1017.14
17.01,84.94, 1017.13
17.01,84.94, 1017.14
17.01,84.94, 1017.11
17.02,84.94, 1017.17
17.01,84.94, 1017.17
17.01,84.94, 1017.17
17.01,84.95, 1017.18
17.01,84.95, 1017.16
17.01,84.95, 1017.25
17.02,84.95, 1017.19
17.01,84.95, 1017.21
17.01,84.95, 1017.21
17.02,84.95, 1017.22
17.01,84.95, 1017.21
17.02,84.95, 1017.21
17.02,84.94, 1017.22
17.02,84.94, 1017.15
17.02,84.95, 1017.23
17.02,84.95, 1017.19
17.02,84.94, 1017.2
17.02,84.95, 1017.21
17.01,84.95, 1017.19
17.02,84.95, 1017.19
17.02,84.95, 1017.23
17.02,84.95, 1017.22
17.02,84.95, 1017.27
17.02,84.95, 1017.26
17.02,84.95, 1017.26
17.02,84.96, 1017.24
17.02,84.95, 1017.24
17.02,84.95, 1017.22
17.02,84.95, 1017.21
17.02,84.95, 1017.27
17.02,84.95, 1017.27
17.02,84.95, 1017.26
17.03,84.96, 1017.29
17.02,84.95, 1017.28
17.03,84.95, 1017.28
17.03,84.95, 1017.23
17.02,84.95, 1017.19
17.02,84.95, 1017.21
17.02,84.95, 1017.23
17.02,84.95, 1017.26
17.03,84.95, 1017.24
17.03,84.95, 1017.23
17.02,84.95, 1017.24
17.02,84.95, 1017.22
17.03,84.95, 1017.21
17.03,84.95, 1017.29
17.03,84.95, 1017.26
17.03,84.94, 1017.27
17.03,84.95, 1017.27
17.03,84.96, 1017.3
17.03,84.96, 1017.27
17.02,84.96, 1017.28
17.03,84.95, 1017.29
17.03,84.95, 1017.29
17.03,84.96, 1017.3
17.02,84.96, 1017.29
17.03,84.95, 1017.28
17.03,84.95, 1017.31
17.03,84.96, 1017.29
17.03,84.95, 1017.28
17.03,84.95, 1017.27
17.03,84.95, 1017.3
17.04,84.96, 1017.35
17.03,84.96, 1017.32
17.03,84.96, 1017.25
17.03,84.95, 1017.23
17.03,84.96, 1017.27
17.03,84.95, 1017.28
17.03,84.95, 1017.3
17.03,84.96, 1017.3
17.03,84.96, 1017.31
17.03,84.96, 1017.26
17.03,84.96, 1017.26
17.03,84.96, 1017.26
17.03,84.95, 1017.27
17.03,84.95, 1017.28
17.04,84.96, 1017.27
17.04,84.95, 1017.26
17.03,84.96, 1017.3
17.04,84.96, 1017.3
17.03,84.96, 1017.29
17.03,84.96, 1017.27
17.04,84.96, 1017.26
17.04,84.96, 1017.31
17.04,84.96, 1017.28
17.03,84.96, 1017.3
17.03,84.96, 1017.3
17.04,84.96, 1017.27
17.04,84.96, 1017.28
17.04,84.95, 1017.27
17.04,84.96, 1017.28
17.04,84.96, 1017.29
17.04,84.96, 1017.3
17.04,84.96, 1017.3
17.04,84.96, 1017.28
17.04,84.96, 1017.28
17.04,84.96, 1017.29
17.04,84.96, 1017.24
17.04,84.96, 1017.26
17.04,84.96, 1017.28
17.05,84.96, 1017.3
17.05,84.96, 1017.28
17.04,84.96, 1017.28
17.05,84.96, 1017.33
17.05,84.96, 1017.33
17.05,84.96, 1017.33
17.04,84.96, 1017.31
17.04,84.96, 1017.32
17.05,84.96, 1017.35
17.05,84.96, 1017.31
17.05,84.96, 1017.32
17.04,84.97, 1017.33
17.05,84.96, 1017.34
17.05,84.96, 1017.3
17.05,84.96, 1017.34
17.05,84.97, 1017.33
17.05,84.96, 1017.32
17.04,84.96, 1017.36
17.05,84.97, 1017.35
17.05,84.96, 1017.3
17.05,84.97, 1017.34
17.05,84.96, 1017.32
17.05,84.96, 1017.3
17.05,84.96, 1017.31
17.05,84.96, 1017.28
17.05,84.97, 1017.29
17.04,84.97, 1017.34
17.05,84.96, 1017.35
17.05,84.97, 1017.35
17.05,84.97, 1017.35
17.06,84.97, 1017.35
17.05,84.96, 1017.4
17.05,84.97, 1017.37
17.05,84.96, 1017.36
17.05,84.97, 1017.37
17.05,84.96, 1017.37
17.05,84.96, 1017.34
17.05,84.97, 1017.39
17.05,84.97, 1017.38
17.06,84.97, 1017.38
17.06,84.97, 1017.38
17.06,84.97, 1017.42
17.06,84.97, 1017.41
17.05,84.97, 1017.45
17.05,84.97, 1017.42
17.05,84.97, 1017.37
17.05,84.96, 1017.41
17.06,84.98, 1017.4
17.06,84.98, 1017.44
17.06,84.98, 1017.4
17.06,84.98, 1017.43
17.06,84.98, 1017.44
17.06,84.98, 1017.42
17.06,84.98, 1017.41
17.06,84.98, 1017.42
17.06,84.98, 1017.43
17.06,84.98, 1017.43
17.06,84.98, 1017.41
17.06,84.98, 1017.42
17.06,84.98, 1017.42
17.06,84.98, 1017.43
17.05,84.97, 1017.41
17.06,84.98, 1017.41
17.05,84.97, 1017.42
17.06,84.98, 1017.4
17.06,84.97, 1017.4
17.06,84.98, 1017.38
17.06,84.98, 1017.43
17.06,84.98, 1017.41
17.06,84.98, 1017.44
17.06,84.98, 1017.41
17.06,84.99, 1017.43
17.06,84.98, 1017.46
17.07,84.98, 1017.45
17.06,84.98, 1017.44
17.06,84.98, 1017.41
17.07,84.98, 1017.35
17.07,84.98, 1017.38
17.07,84.98, 1017.38
17.07,84.98, 1017.4
17.07,84.98, 1017.39
17.07,84.98, 1017.4
17.07,84.98, 1017.45
17.07,84.98, 1017.45
17.07,84.98, 1017.48
17.07,84.98, 1017.46
17.07,84.99, 1017.42
17.07,84.98, 1017.45
17.07,84.98, 1017.42
17.07,84.99, 1017.46
17.07,84.99, 1017.43
17.07,84.99, 1017.44
17.07,84.99, 1017.44
17.07,84.99, 1017.45
17.07,84.98, 1017.46
17.08,84.98, 1017.47
17.07,84.99, 1017.42
17.08,84.99, 1017.42
17.07,84.98, 1017.37
17.08,84.98, 1017.39
17.08,84.99, 1017.37
17.07,84.98, 1017.4
17.08,84.99, 1017.44
17.08,84.99, 1017.41
17.08,84.99, 1017.43
17.08,84.99, 1017.45
17.08,84.99, 1017.44
17.08,84.99, 1017.45
17.08,84.99, 1017.42
17.09,84.99, 1017.43
17.08,84.99, 1017.39
17.08,84.99, 1017.38
17.07,84.99, 1017.37
17.08,84.99, 1017.4
17.08,84.99, 1017.39
17.09,84.99, 1017.41
17.07,84.99, 1017.38
17.07,84.99, 1017.37
17.08,84.99, 1017.41
17.07,84.99, 1017.39
17.08,84.98, 1017.36
17.08,84.99, 1017.38
17.07,84.99, 1017.4
17.08,84.99, 1017.41
17.08,84.99, 1017.38
17.09,84.99, 1017.4
17.08,84.99, 1017.37
17.08,84.98, 1017.4
17.08,84.99, 1017.39
17.08,84.99, 1017.39
17.08,84.99, 1017.41
17.08,84.99, 1017.42
17.09,84.99, 1017.43
17.08,84.99, 1017.46
17.08,84.99, 1017.42
17.08,84.99, 1017.39
17.08,84.99, 1017.38
17.09,84.99, 1017.44
17.08,84.99, 1017.43
17.08,84.99, 1017.42
17.09,84.99, 1017.5
17.09,84.99, 1017.47
17.08,84.99, 1017.42
17.08,84.99, 1017.45
17.09,84.99, 1017.52
17.08,84.99, 1017.5
17.08,84.99, 1017.46
17.09,84.99, 1017.48
17.08,85, 1017.46
17.08,85, 1017.41
17.09,84.99, 1017.45
17.09,84.99, 1017.48
17.09,84.99, 1017.48
17.09,85, 1017.52
17.09,85, 1017.5
17.09,85, 1017.47
17.09,84.99, 1017.46
17.09,85, 1017.49
17.09,84.99, 1017.53
17.09,85, 1017.52
17.09,85, 1017.53
17.09,85, 1017.49
17.1,85, 1017.48
17.09,85, 1017.47
17.1,85, 1017.47
17.09,85, 1017.5
17.09,85, 1017.47
17.09,85, 1017.5
17.09,85, 1017.48
17.1,85, 1017.53
17.1,85, 1017.5
17.09,85, 1017.53
17.09,85, 1017.54
17.1,85, 1017.53
17.1,85, 1017.52
17.1,85, 1017.51
17.1,85, 1017.55
17.1,85, 1017.54
17.1,85, 1017.56
17.1,85, 1017.51
17.1,85, 1017.58
17.1,85.02, 1017.55
17.1,85.01, 1017.56
17.1,85.01, 1017.56
17.1,85.02, 1017.56
17.11,85.02, 1017.6
17.09,85, 1017.57
17.11,85.01, 1017.6
17.11,85.02, 1017.6
17.11,85.01, 1017.58
17.1,85.02, 1017.56
17.1,85.01, 1017.57
17.11,85.01, 1017.63
17.1,85, 1017.59
17.1,85, 1017.61
17.1,85.02, 1017.62
17.11,85.01, 1017.59
17.1,85.01, 1017.59
17.1,85.01, 1017.61
17.11,85.02, 1017.61
17.11,85.01, 1017.58
17.11,85.01, 1017.62
17.11,85.02, 1017.6
17.11,85.01, 1017.58
17.1,85.01, 1017.63
17.12,85.01, 1017.67
17.11,85.02, 1017.64
17.11,85.02, 1017.66
17.11,85.01, 1017.65
17.11,85.01, 1017.66
17.11,85.02, 1017.66
17.1,85.01, 1017.63
17.11,85.02, 1017.68
17.11,85.02, 1017.63
17.11,85.01, 1017.66
17.11,85.02, 1017.62
17.12,85.01, 1017.69
17.11,85.01, 1017.63
17.12,85.01, 1017.66
17.12,85.01, 1017.68
17.12,85.01, 1017.69
17.11,85.01, 1017.65
17.12,85.01, 1017.66
17.12,85.01, 1017.67
17.11,85.01, 1017.66
17.12,85.01, 1017.65
17.11,85.01, 1017.64
17.12,85.01, 1017.69
17.12,85.01, 1017.68
17.12,85.01, 1017.66
17.11,85.02, 1017.66
17.12,85.01, 1017.69
17.12,85.01, 1017.64
17.13,85.01, 1017.67
17.12,85.01, 1017.66
17.12,85.01, 1017.69
17.12,85.01, 1017.64
17.11,85.01, 1017.64
17.12,85.01, 1017.69
17.12,85.01, 1017.63
17.12,85.01, 1017.61
17.13,85.01, 1017.66
17.12,85.01, 1017.64
17.12,85.01, 1017.67
17.12,85.01, 1017.7
17.12,85.01, 1017.63
17.12,85.01, 1017.67
17.12,85.01, 1017.71
17.12,85.01, 1017.68
17.12,85.01, 1017.69
17.12,85.01, 1017.64
17.12,85.01, 1017.68
17.13,85.01, 1017.62
17.12,85.01, 1017.65
17.12,85.01, 1017.65
17.12,85.01, 1017.67
17.13,85.01, 1017.66
17.13,85.01, 1017.7
17.12,85.01, 1017.66
17.13,85.01, 1017.67
17.13,85.01, 1017.69
17.13,85.01, 1017.72
17.12,85.01, 1017.68
17.13,85.01, 1017.69
17.13,85.01, 1017.71
17.13,85.01, 1017.71
17.13,85.01, 1017.64
17.13,85.01, 1017.67
17.13,85.01, 1017.67
17.13,85.01, 1017.7
17.13,85.01, 1017.68
17.13,85.01, 1017.71
17.13,85.01, 1017.71
17.13,85.01, 1017.72
17.13,85.01, 1017.76
17.13,85.01, 1017.72
17.13,85.01, 1017.74
17.13,85.01, 1017.71
17.13,85.01, 1017.7
17.13,84.99, 1017.71
17.13,85.01, 1017.76
17.13,85.02, 1017.79
17.14,85.01, 1017.82
17.13,85.02, 1017.77
17.13,85.01, 1017.78
17.13,85.02, 1017.77
17.13,85.02, 1017.74
17.13,85.01, 1017.75
17.13,85.02, 1017.77
17.13,85.01, 1017.8
17.13,85.01, 1017.79
17.13,85.02, 1017.78
17.13,85.02, 1017.77
17.14,85.02, 1017.78
17.14,85.02, 1017.8
17.14,85.02, 1017.78
17.14,85.03, 1017.76
17.14,85.01, 1017.78
17.14,85.02, 1017.81
17.14,85.02, 1017.78
17.14,85.02, 1017.79
17.14,85.02, 1017.81
17.13,85.02, 1017.81
17.14,85.02, 1017.81
17.14,85.02, 1017.83
17.14,85.02, 1017.78
17.14,85.02, 1017.78
17.14,85.01, 1017.76
17.15,85.02, 1017.79
17.15,85.02, 1017.83
17.15,85.02, 1017.84
17.14,85.02, 1017.84
17.14,85.02, 1017.85
17.15,85.02, 1017.84
17.15,85.02, 1017.89
17.15,85.02, 1017.86
17.15,85.02, 1017.84
17.15,85.02, 1017.83
17.15,85.02, 1017.85
17.14,85.02, 1017.81
17.14,85.02, 1017.85
17.15,85.02, 1017.83
17.14,85.02, 1017.84
17.15,85.04, 1017.86
17.15,85.02, 1017.84
17.15,85.02, 1017.8
17.15,85.02, 1017.81
17.15,85.02, 1017.8
17.15,85.02, 1017.84
17.15,85.02, 1017.81
17.15,85.03, 1017.87
17.15,85.02, 1017.87
17.15,85.03, 1017.84
17.15,85.03, 1017.87
17.15,85.02, 1017.86
17.15,85.03, 1017.82
17.15,85.03, 1017.86
17.15,85.02, 1017.83
17.15,85.02, 1017.82
17.15,85.02, 1017.86
17.14,85.02, 1017.79
17.15,85.02, 1017.76
17.15,85.02, 1017.79
17.15,85.02, 1017.81
17.15,85.02, 1017.79
17.15,85.03, 1017.79
17.15,85.03, 1017.8
17.15,85.02, 1017.79
17.15,85.02, 1017.76
17.15,85.03, 1017.78
17.15,85.02, 1017.76
17.15,85.02, 1017.77
17.15,85.03, 1017.78
17.15,85.03, 1017.77
17.16,85.03, 1017.76
17.15,85.03, 1017.77
17.16,85.03, 1017.76
17.16,85.03, 1017.75
17.16,85.03, 1017.78
17.16,85.04, 1017.8
17.16,85.04, 1017.78
17.16,85.04, 1017.83
17.16,85.03, 1017.8
17.16,85.03, 1017.84
17.15,85.03, 1017.82
17.16,85.04, 1017.83
17.16,85.04, 1017.82
17.16,85.04, 1017.88
17.15,85.03, 1017.82
17.16,85.04, 1017.79
17.16,85.03, 1017.79
17.16,85.04, 1017.78
17.16,85.04, 1017.8
17.16,85.04, 1017.83
17.16,85.03, 1017.81
17.16,85.04, 1017.82
17.16,85.04, 1017.84
17.16,85.04, 1017.84
17.16,85.04, 1017.86
17.16,85.04, 1017.87
17.15,85.04, 1017.82
17.16,85.04, 1017.88
17.16,85.04, 1017.85
17.16,85.04, 1017.88
17.16,85.04, 1017.85
17.16,85.04, 1017.89
17.16,85.04, 1017.87
17.17,85.04, 1017.9
17.16,85.04, 1017.87
17.16,85.04, 1017.85
17.17,85.04, 1017.87
17.16,85.04, 1017.91
17.16,85.04, 1017.84
17.16,85.04, 1017.89
17.17,85.04, 1017.85
17.17,85.05, 1017.88
17.16,85.04, 1017.9
17.16,85.04, 1017.9
17.17,85.04, 1017.94
17.17,85.04, 1017.89
17.17,85.04, 1017.85
17.17,85.04, 1017.86
17.18,85.04, 1017.91
17.17,85.04, 1017.93
17.18,85.04, 1017.91
17.17,85.05, 1017.97
17.17,85.04, 1017.87
17.16,85.04, 1017.89
17.17,85.04, 1017.9
17.17,85.05, 1017.89
17.18,85.04, 1017.91
17.17,85.04, 1017.85
17.17,85.05, 1017.88
17.17,85.04, 1017.89
17.18,85.04, 1017.88
17.17,85.04, 1017.86
17.17,85.04, 1017.9
17.17,85.04, 1017.87
17.18,85.04, 1017.9
17.18,85.04, 1017.9
17.18,85.04, 1017.89
17.17,85.04, 1017.9
17.17,85.04, 1017.91
17.18,85.04, 1017.89
17.18,85.04, 1017.91
17.17,85.05, 1017.89
17.18,85.04, 1017.92
17.18,85.04, 1017.9
17.18,85.04, 1017.93
17.18,85.04, 1017.94
17.18,85.04, 1017.9
17.18,85.04, 1017.91
17.18,85.04, 1017.89
17.17,85.04, 1017.89
17.17,85.04, 1017.89
17.18,85.04, 1017.96
17.18,85.04, 1017.9
17.19,85.04, 1017.92
17.18,85.04, 1017.91
17.18,85.04, 1017.89
17.18,85.04, 1017.9
17.18,85.04, 1017.89
17.18,85.04, 1017.9
17.18,85.04, 1017.91
17.18,85.04, 1017.94
17.19,85.04, 1017.94
17.19,85.04, 1017.95
17.19,85.04, 1017.94
17.19,85.04, 1017.93
17.19,85.04, 1017.91
17.18,85.04, 1017.91
17.18,85.04, 1017.93
17.19,85.04, 1017.92
17.18,85.04, 1017.93
17.19,85.05, 1017.94
17.19,85.04, 1017.95
17.19,85.04, 1017.94
17.19,85.04, 1017.92
17.18,85.04, 1017.92
17.19,85.04, 1017.93
17.2,85.04, 1017.94
17.19,85.04, 1017.91
17.18,85.04, 1017.96
17.19,85.04, 1017.95
17.2,85.04, 1017.94
17.19,85.04, 1017.85
17.19,85.04, 1017.91
17.19,85.01, 1017.92
17.19,85.04, 1017.9
17.19,85.04, 1017.91
17.19,85.04, 1017.9
17.18,85.04, 1017.89
17.19,85.04, 1017.9
17.19,85.04, 1017.92
17.19,85.04, 1017.91
17.19,85.04, 1017.9
17.19,85.04, 1017.88
17.19,85.04, 1017.88
17.19,85.04, 1017.89
17.19,85.04, 1017.86
17.19,85.04, 1017.91
17.19,85.04, 1017.93
17.2,85.04, 1017.96
17.2,85.04, 1017.9
17.19,85.04, 1017.9
17.19,85.05, 1017.88
17.2,85.04, 1017.9
17.19,85.04, 1017.88
17.19,85.04, 1017.91
17.19,85.04, 1017.91
17.2,85.04, 1017.89
17.2,85.04, 1017.9
17.2,85.04, 1017.85
17.2,85.04, 1017.84
17.2,85.04, 1017.82
17.2,85.04, 1017.84
17.19,85.04, 1017.86
17.2,85.04, 1017.85
17.2,85.04, 1017.82
17.2,85.04, 1017.84
17.2,85.04, 1017.86
17.2,85.05, 1017.9
17.2,85.05, 1017.87
17.2,85.05, 1017.86
17.2,85.04, 1017.89
17.2,85.04, 1017.9
17.2,85.05, 1017.87
17.2,85.05, 1017.88
17.2,85.05, 1017.89
17.21,85.05, 1017.87
17.21,85.05, 1017.86
17.21,85.05, 1017.84
17.2,85.05, 1017.85
17.21,85.05, 1017.83
17.2,85.05, 1017.87
17.2,85.05, 1017.85
17.21,85.06, 1017.85
17.2,85.05, 1017.83
17.21,85.05, 1017.83
17.21,85.05, 1017.84
17.21,85.05, 1017.82
17.2,85.05, 1017.84
17.2,85.05, 1017.84
17.21,85.05, 1017.83
17.2,85.05, 1017.85
17.21,85.05, 1017.83
17.21,85.05, 1017.81
17.21,85.05, 1017.89
17.22,85.05, 1017.9
17.22,85.05, 1017.89
17.22,85.05, 1017.86
17.21,85.05, 1017.85
17.21,85.05, 1017.87
17.21,85.05, 1017.89
17.21,85.05, 1017.92
17.21,85.05, 1017.93
17.21,85.05, 1017.92
17.21,85.05, 1017.87
17.21,85.05, 1017.9
17.21,85.06, 1017.9
17.21,85.05, 1017.85
17.22,85.05, 1017.92
17.22,85.05, 1017.9
17.22,85.05, 1017.91
17.21,85.05, 1017.87
17.21,85.05, 1017.91
17.21,85.05, 1017.9
17.21,85.05, 1017.9
17.21,85.05, 1017.9
17.21,85.05, 1017.9
17.22,85.05, 1017.92
17.21,85.05, 1017.93
17.21,85.05, 1017.93
17.22,85.05, 1017.94
17.21,85.05, 1017.94
17.21,85.05, 1017.96
17.21,85.05, 1017.9
17.21,85.05, 1017.92
17.22,85.05, 1017.97
17.21,85.05, 1017.96
17.21,85.05, 1017.96
17.22,85.05, 1017.98
17.21,85.05, 1017.99
17.22,85.05, 1017.96
17.22,85.05, 1017.96
17.22,85.05, 1017.91
17.22,85.05, 1017.93
17.21,85.05, 1017.94
17.22,85.05, 1017.93
17.22,85.05, 1017.97
17.22,85.05, 1017.97
17.22,85.05, 1017.93
17.22,85.05, 1017.9
17.22,85.05, 1017.9
17.22,85.05, 1017.91
17.22,85.05, 1017.96
17.22,85.05, 1017.98
17.22,85.06, 1018.01
17.22,85.05, 1017.97
17.22,85.05, 1017.95
17.22,85.05, 1017.97
17.22,85.05, 1017.98
17.22,85.05, 1017.96
17.22,85.05, 1017.98
17.22,85.05, 1018.01
17.22,85.05, 1018.02
17.22,85.05, 1018.03
17.22,85.05, 1018.01
17.23,85.05, 1018.07
17.23,85.06, 1018.09
17.23,85.05, 1018.08
17.23,85.05, 1018.05
17.23,85.05, 1018.02
17.23,85.05, 1018.0
17.23,85.05, 1018.02
17.23,85.06, 1018.02
17.23,85.05, 1018.07
17.23,85.05, 1018.02
17.22,85.05, 1018.05
17.23,85.05, 1018.11
17.23,85.05, 1018.05
17.24,85.05, 1018.09
17.24,85.05, 1018.06
17.23,85.05, 1018.02
17.23,85.05, 1018.05
17.23,85.05, 1018.07
17.24,85.06, 1018.14
17.23,85.06, 1018.12
17.23,85.05, 1018.08
17.24,85.06, 1018.13
17.23,85.05, 1018.09
17.23,85.05, 1018.08
17.23,85.05, 1018.11
17.24,85.05, 1018.12
17.23,85.05, 1018.09
17.24,85.05, 1018.09
17.23,85.06, 1018.04
17.23,85.06, 1018.14
17.23,85.05, 1018.09
17.23,85.05, 1018.09
17.23,85.05, 1018.09
17.24,85.06, 1018.11
17.24,85.06, 1018.06
17.23,85.06, 1018.08
17.24,85.05, 1018.16
17.23,85.06, 1018.12
17.24,85.05, 1018.04
17.24,85.05, 1018.15
17.24,85.06, 1018.15
17.24,85.05, 1018.15
17.24,85.05, 1018.16
17.23,85.06, 1018.05
17.24,85.05, 1018.11
17.24,85.05, 1018.06
17.24,85.06, 1018.06
17.24,85.06, 1018.15
17.24,85.06, 1018.08
17.25,85.05, 1018.07
17.24,85.06, 1018.04
17.24,85.07, 1018.1
17.24,85.06, 1018.13
17.24,85.05, 1018.14
17.25,85.05, 1018.08
17.24,85.05, 1018.07
17.24,85.05, 1018.04
17.25,85.06, 1018.04
17.25,85.05, 1018.06
17.24,85.05, 1018.03
17.25,85.05, 1018.08
17.24,85.05, 1018.03
17.24,85.06, 1018.11
17.25,85.05, 1018.08
17.24,85.05, 1018.08
17.24,85.05, 1018.14
17.25,85.05, 1018.13
17.25,85.05, 1018.05
17.24,85.06, 1018.08
17.24,85.05, 1018.05
17.24,85.06, 1018.1
17.25,85.05, 1018.14
17.25,85.05, 1018.16
17.25,85.06, 1018.1
17.25,85.05, 1018.1
17.25,85.06, 1018.13
17.25,85.06, 1018.14
17.25,85.06, 1018.1
17.24,85.05, 1018.08
17.25,85.05, 1018.12
17.25,85.05, 1018.09
17.25,85.06, 1018.11
17.25,85.05, 1018.1
17.25,85.06, 1018.14
17.25,85.05, 1018.1
17.25,85.05, 1018.08
17.25,85.05, 1018.08
17.25,85.05, 1018.13
17.25,85.05, 1018.12
17.25,85.05, 1018.08
17.25,85.05, 1018.16
17.25,85.05, 1018.1
17.25,85.05, 1018.11
17.25,85.05, 1018.15
17.25,85.05, 1018.19
17.25,85.05, 1018.21
17.25,85.05, 1018.19
17.26,85.05, 1018.19
17.25,85.05, 1018.17
17.26,85.05, 1018.17
17.25,85.05, 1018.15
17.25,85.05, 1018.17
17.25,85.05, 1018.17
17.25,85.05, 1018.2
17.26,85.05, 1018.18
17.26,85.05, 1018.19
17.26,85.05, 1018.15
17.26,85.06, 1018.17
17.27,85.06, 1018.15
17.26,85.06, 1018.18
17.26,85.06, 1018.18
17.26,85.06, 1018.23
17.26,85.07, 1018.2
17.26,85.05, 1018.2
17.26,85.06, 1018.18
17.26,85.07, 1018.18
17.26,85.06, 1018.19
17.26,85.05, 1018.17
17.26,85.05, 1018.16
17.26,85.07, 1018.17
17.26,85.05, 1018.16
17.26,85.06, 1018.22
17.26,85.06, 1018.19
17.26,85.05, 1018.19
17.27,85.06, 1018.21
17.27,85.06, 1018.21
17.27,85.06, 1018.22
17.27,85.07, 1018.22
17.27,85.06, 1018.23
17.27,85.06, 1018.22
17.27,85.06, 1018.23
17.27,85.07, 1018.28
17.27,85.07, 1018.25
17.27,85.06, 1018.23
17.27,85.06, 1018.24
17.27,85.07, 1018.25
17.27,85.06, 1018.24
17.27,85.06, 1018.27
17.27,85.06, 1018.26
17.27,85.06, 1018.26
17.27,85.07, 1018.24
17.27,85.07, 1018.21
17.27,85.06, 1018.22
17.27,85.09, 1018.17
17.27,85.07, 1018.21
17.27,85.07, 1018.25
17.27,85.07, 1018.22
17.27,85.06, 1018.21
17.27,85.06, 1018.25
17.27,85.06, 1018.2
17.28,85.06, 1018.22
17.28,85.07, 1018.24
17.28,85.06, 1018.26
17.27,85.07, 1018.23
17.27,85.06, 1018.25
17.27,85.07, 1018.24
17.28,85.06, 1018.23
17.28,85.07, 1018.21
17.27,85.06, 1018.23
17.28,85.05, 1018.25
17.27,85.07, 1018.22
17.27,85.07, 1018.24
17.28,85.07, 1018.24
17.28,85.06, 1018.21
17.28,85.07, 1018.24
17.28,85.07, 1018.24
17.28,85.07, 1018.24
17.28,85.07, 1018.25
17.28,85.07, 1018.25
17.28,85.07, 1018.3
17.28,85.07, 1018.28
17.28,85.07, 1018.26
17.28,85.07, 1018.27
17.28,85.07, 1018.27
17.28,85.07, 1018.26
17.28,85.07, 1018.24
17.28,85.07, 1018.24
17.27,85.07, 1018.24
17.28,85.07, 1018.27
17.28,85.07, 1018.23
17.28,85.07, 1018.27
17.27,85.07, 1018.25
17.29,85.07, 1018.28
17.29,85.07, 1018.32
17.28,85.07, 1018.26
17.28,85.06, 1018.29
17.29,85.07, 1018.3
17.28,85.07, 1018.29
17.28,85.07, 1018.24
17.28,85.07, 1018.3
17.28,85.07, 1018.28
17.28,85.07, 1018.29
17.28,85.07, 1018.29
17.29,85.07, 1018.28
17.29,85.07, 1018.27
17.29,85.07, 1018.25
17.29,85.07, 1018.27
17.28,85.07, 1018.25
17.29,85.06, 1018.21
17.29,85.07, 1018.28
17.29,85.07, 1018.24
17.29,85.07, 1018.28
17.29,85.07, 1018.27
17.29,85.07, 1018.25
17.29,85.07, 1018.26
17.29,85.07, 1018.29
17.29,85.07, 1018.26
17.29,85.07, 1018.25
17.3,85.07, 1018.32
17.3,85.07, 1018.28
17.29,85.07, 1018.33
17.29,85.07, 1018.32
17.3,85.07, 1018.32
17.3,85.07, 1018.29
17.29,85.07, 1018.31
17.29,85.07, 1018.3
17.29,85.07, 1018.29
17.29,85.07, 1018.32
17.3,85.07, 1018.27
17.3,85.07, 1018.3
17.29,85.07, 1018.28
17.29,85.07, 1018.28
17.3,85.07, 1018.29
17.3,85.07, 1018.32
17.29,85.07, 1018.3
17.3,85.06, 1018.3
17.3,85.07, 1018.3
17.3,85.06, 1018.33
17.3,85.07, 1018.35
17.3,85.07, 1018.34
17.3,85.07, 1018.38
17.3,85.07, 1018.33
17.3,85.07, 1018.33
17.3,85.07, 1018.32
17.29,85.07, 1018.29
17.3,85.07, 1018.3
17.3,85.08, 1018.33
17.3,85.08, 1018.31
17.3,85.08, 1018.32
17.3,85.08, 1018.34
17.3,85.08, 1018.32
17.3,85.06, 1018.33
17.3,85.07, 1018.36
17.3,85.08, 1018.36
17.3,85.08, 1018.33
17.3,85.08, 1018.32
17.3,85.07, 1018.3
17.3,85.06, 1018.33
17.31,85.08, 1018.36
17.31,85.08, 1018.39
17.31,85.08, 1018.36
17.31,85.08, 1018.4
17.31,85.08, 1018.39
17.31,85.08, 1018.38
17.31,85.08, 1018.36
17.31,85.07, 1018.39
17.31,85.08, 1018.38
17.31,85.06, 1018.37
17.32,85.07, 1018.38
17.32,85.07, 1018.37
17.31,85.08, 1018.34
17.31,85.06, 1018.33
17.31,85.07, 1018.35
17.32,85.07, 1018.37
17.31,85.07, 1018.34
17.31,85.07, 1018.34
17.32,85.07, 1018.34
17.32,85.07, 1018.4
17.31,85.08, 1018.38
17.31,85.08, 1018.39
17.32,85.07, 1018.41
17.32,85.07, 1018.38
17.31,85.08, 1018.38
17.31,85.07, 1018.36
17.31,85.08, 1018.37
17.31,85.07, 1018.39
17.31,85.08, 1018.38
17.31,85.06, 1018.33
17.31,85.08, 1018.43
17.31,85.08, 1018.41
17.31,85.06, 1018.41
17.31,85.07, 1018.39
17.31,85.07, 1018.36
17.32,85.07, 1018.36
17.32,85.07, 1018.38
17.32,85.08, 1018.36
17.31,85.08, 1018.34
17.32,85.07, 1018.35
17.32,85.07, 1018.35
17.31,85.06, 1018.35
17.32,85.08, 1018.39
17.32,85.09, 1018.39
17.31,85.07, 1018.4
17.32,85.08, 1018.38
17.32,85.08, 1018.38
17.32,85.08, 1018.38
17.32,85.07, 1018.38
17.32,85.07, 1018.38
17.32,85.07, 1018.33
17.32,85.07, 1018.35
17.32,85.07, 1018.39
17.32,85.07, 1018.34
17.32,85.07, 1018.38
17.33,85.07, 1018.36
17.32,85.07, 1018.36
17.32,85.07, 1018.38
17.32,85.07, 1018.38
17.32,85.08, 1018.38
17.32,85.07, 1018.4
17.33,85.08, 1018.38
17.33,85.08, 1018.37
17.33,85.07, 1018.41
17.32,85.07, 1018.42
17.33,85.07, 1018.42
17.32,85.08, 1018.4
17.32,85.07, 1018.43
17.33,85.07, 1018.43
17.33,85.08, 1018.39
17.33,85.07, 1018.43
17.33,85.07, 1018.37
17.33,85.07, 1018.42
17.33,85.08, 1018.44
17.33,85.08, 1018.45
17.33,85.08, 1018.44
17.33,85.08, 1018.42
17.33,85.08, 1018.42
17.33,85.07, 1018.48
17.33,85.08, 1018.44
17.33,85.08, 1018.45
17.33,85.08, 1018.42
17.33,85.07, 1018.43
17.33,85.08, 1018.41
17.33,85.08, 1018.44
17.33,85.08, 1018.48
17.33,85.08, 1018.43
17.33,85.08, 1018.43
17.32,85.07, 1018.44
17.33,85.08, 1018.46
17.34,85.08, 1018.44
17.33,85.08, 1018.43
17.33,85.08, 1018.41
17.33,85.08, 1018.43
17.33,85.08, 1018.37
17.33,85.07, 1018.39
17.33,85.08, 1018.35
17.33,85.08, 1018.39
17.34,85.08, 1018.35
17.33,85.08, 1018.4
17.34,85.08, 1018.43
17.33,85.08, 1018.42
17.33,85.08, 1018.41
17.34,85.08, 1018.4
17.34,85.08, 1018.42
17.34,85.08, 1018.41
17.34,85.08, 1018.44
17.34,85.08, 1018.4
17.34,85.08, 1018.41
17.34,85.08, 1018.41
17.34,85.08, 1018.39
17.34,85.08, 1018.4
17.34,85.08, 1018.36
17.34,85.08, 1018.35
17.34,85.08, 1018.33
17.34,85.08, 1018.36
17.34,85.08, 1018.37
17.34,85.08, 1018.35
17.34,85.08, 1018.34
17.34,85.07, 1018.33
17.35,85.08, 1018.33
17.34,85.08, 1018.35
17.34,85.07, 1018.32
17.34,85.08, 1018.27
17.35,85.08, 1018.31
17.34,85.08, 1018.31
17.35,85.08, 1018.26
17.34,85.08, 1018.32
17.35,85.08, 1018.31
17.35,85.08, 1018.28
17.34,85.07, 1018.26
17.34,85.08, 1018.29
17.34,85.08, 1018.28
17.35,85.07, 1018.34
17.35,85.08, 1018.35
17.34,85.08, 1018.29
17.35,85.08, 1018.29
17.35,85.07, 1018.23
17.35,85.08, 1018.24
17.35,85.08, 1018.27
17.35,85.08, 1018.27
17.35,85.08, 1018.26
17.35,85.07, 1018.28
17.35,85.08, 1018.25
17.34,85.08, 1018.24
17.35,85.07, 1018.26
17.35,85.07, 1018.22
17.35,85.07, 1018.26
17.34,85.08, 1018.22
17.35,85.07, 1018.32
17.35,85.07, 1018.23
17.35,85.07, 1018.3
17.36,85.08, 1018.3
17.35,85.08, 1018.28
17.35,85.08, 1018.32
17.35,85.07, 1018.31
17.35,85.07, 1018.3
17.36,85.07, 1018.33
17.36,85.07, 1018.28
17.36,85.07, 1018.29
17.36,85.07, 1018.32
17.35,85.08, 1018.28
17.35,85.07, 1018.32
17.35,85.08, 1018.3
17.35,85.07, 1018.33
17.35,85.07, 1018.29
17.35,85.08, 1018.26
17.36,85.08, 1018.31
17.36,85.07, 1018.29
17.36,85.08, 1018.31
17.35,85.07, 1018.31
17.36,85.09, 1018.32
17.36,85.08, 1018.29
17.36,85.07, 1018.28
17.35,85.08, 1018.35
17.35,85.07, 1018.36
17.36,85.08, 1018.38
17.36,85.09, 1018.33
17.36,85.07, 1018.31
17.36,85.08, 1018.39
17.36,85.08, 1018.39
17.36,85.08, 1018.4
17.37,85.08, 1018.42
17.37,85.09, 1018.39
17.37,85.08, 1018.43
17.36,85.09, 1018.4
17.37,85.08, 1018.4
17.36,85.08, 1018.42
17.36,85.08, 1018.42
17.36,85.08, 1018.4
17.36,85.09, 1018.43
17.37,85.08, 1018.42
17.37,85.08, 1018.42
17.37,85.08, 1018.4
17.36,85.08, 1018.41
17.37,85.08, 1018.41
17.37,85.08, 1018.41
17.37,85.08, 1018.43
17.37,85.08, 1018.42
17.37,85.08, 1018.43
17.37,85.09, 1018.43
17.36,85.09, 1018.43
17.37,85.08, 1018.48
17.37,85.09, 1018.47
17.37,85.08, 1018.49
17.37,85.08, 1018.47
17.37,85.09, 1018.46
17.37,85.09, 1018.47
17.37,85.09, 1018.46
17.37,85.09, 1018.46
17.38,85.08, 1018.46
17.37,85.08, 1018.49
17.38,85.08, 1018.44
17.37,85.08, 1018.46
17.38,85.08, 1018.5
17.38,85.08, 1018.47
17.38,85.08, 1018.47
17.38,85.08, 1018.49
17.38,85.08, 1018.46
17.37,85.08, 1018.48
17.37,85.08, 1018.46
17.38,85.08, 1018.48
17.37,85.08, 1018.47
17.38,85.08, 1018.48
17.37,85.08, 1018.5
17.38,85.08, 1018.48
17.37,85.08, 1018.49
17.37,85.08, 1018.49
17.37,85.08, 1018.49
17.38,85.08, 1018.47
17.38,85.08, 1018.48
17.38,85.08, 1018.45
17.38,85.12, 1018.46
17.38,85.08, 1018.46
17.38,85.08, 1018.47
17.38,85.08, 1018.45
17.38,85.08, 1018.45
17.38,85.08, 1018.42
17.38,85.08, 1018.46
17.38,85.08, 1018.46
17.38,85.09, 1018.44
17.38,85.08, 1018.47
17.38,85.09, 1018.47
17.37,85.08, 1018.45
17.38,85.08, 1018.47
17.38,85.08, 1018.47
17.38,85.08, 1018.47
17.37,85.08, 1018.45
17.38,85.08, 1018.44
17.38,85.08, 1018.44
17.38,85.08, 1018.42
17.38,85.08, 1018.46
17.38,85.08, 1018.39
17.39,85.08, 1018.44
17.38,85.08, 1018.44
17.38,85.08, 1018.45
17.39,85.08, 1018.44
17.39,85.08, 1018.45
17.38,85.08, 1018.47
17.38,85.08, 1018.44
17.38,85.08, 1018.45
17.39,85.08, 1018.44
17.39,85.08, 1018.44
17.39,85.08, 1018.43
17.39,85.08, 1018.41
17.39,85.08, 1018.43
17.39,85.08, 1018.41
17.39,85.08, 1018.42
17.39,85.08, 1018.43
17.39,85.08, 1018.4
17.39,85.08, 1018.36
17.39,85.08, 1018.37
17.39,85.08, 1018.41
17.39,85.08, 1018.37
17.39,85.08, 1018.39
17.4,85.08, 1018.39
17.39,85.08, 1018.34
17.4,85.08, 1018.37
17.4,85.08, 1018.38
17.4,85.08, 1018.38
17.4,85.09, 1018.38
17.4,85.09, 1018.37
17.4,85.09, 1018.37
17.39,85.08, 1018.33
17.4,85.09, 1018.41
17.39,85.08, 1018.35
17.4,85.08, 1018.37
17.4,85.09, 1018.36
17.4,85.08, 1018.34
17.39,85.08, 1018.33
17.4,85.08, 1018.36
17.4,85.08, 1018.39
17.4,85.08, 1018.4
17.4,85.08, 1018.36
17.4,85.08, 1018.38
17.4,85.08, 1018.33
17.4,85.08, 1018.36
17.4,85.08, 1018.33
17.4,85.08, 1018.41
17.4,85.08, 1018.38
17.39,85.08, 1018.4
17.4,85.08, 1018.39
17.4,85.08, 1018.36
17.39,85.08, 1018.31
17.4,85.08, 1018.36
17.4,85.08, 1018.3
17.4,85.08, 1018.35
17.4,85.08, 1018.31
17.4,85.08, 1018.31
17.41,85.08, 1018.36
17.41,85.08, 1018.3
17.41,85.08, 1018.32
17.41,85.08, 1018.33
17.4,85.08, 1018.27
17.4,85.08, 1018.32
17.4,85.08, 1018.26
17.41,85.08, 1018.29
17.4,85.08, 1018.29
17.4,85.08, 1018.31
17.41,85.08, 1018.3
17.41,85.08, 1018.36
17.41,85.08, 1018.33
17.41,85.08, 1018.31
17.41,85.07, 1018.3
17.42,85.08, 1018.31
17.41,85.08, 1018.32
17.41,85.08, 1018.3
17.4,85.08, 1018.34
17.4,85.08, 1018.31
17.41,85.08, 1018.3
17.41,85.08, 1018.31
17.41,85.07, 1018.31
17.41,85.08, 1018.29
17.41,85.08, 1018.29
17.41,85.08, 1018.28
17.4,85.08, 1018.31
17.41,85.08, 1018.33
17.42,85.08, 1018.32
17.41,85.08, 1018.33
17.41,85.08, 1018.28
17.42,85.08, 1018.28
17.41,85.08, 1018.25
17.41,85.08, 1018.28
17.41,85.08, 1018.25
17.4,85.08, 1018.25
17.42,85.08, 1018.3
17.42,85.08, 1018.31
17.41,85.08, 1018.27
17.41,85.08, 1018.31
17.4,85.08, 1018.25
17.41,85.08, 1018.27
17.4,85.08, 1018.27
17.4,85.08, 1018.29
17.41,85.08, 1018.3
17.42,85.09, 1018.29
17.42,85.09, 1018.31
17.41,85.08, 1018.29
17.42,85.08, 1018.3
17.42,85.09, 1018.3
17.41,85.08, 1018.27
17.42,85.08, 1018.28
17.42,85.1, 1018.26
17.41,85.08, 1018.29
17.42,85.08, 1018.3
17.42,85.08, 1018.28
17.42,85.08, 1018.34
17.42,85.09, 1018.33
17.42,85.08, 1018.3
17.41,85.08, 1018.29
17.41,85.08, 1018.32
17.42,85.08, 1018.31
17.41,85.08, 1018.29
17.42,85.08, 1018.31
17.42,85.08, 1018.29
17.41,85.08, 1018.34
17.41,85.08, 1018.28
17.42,85.08, 1018.29
17.42,85.09, 1018.35
17.41,85.08, 1018.3
17.42,85.08, 1018.34
17.42,85.09, 1018.32
17.42,85.08, 1018.35
17.41,85.08, 1018.35
17.41,85.08, 1018.31
17.42,85.08, 1018.32
17.41,85.08, 1018.29
17.42,85.08, 1018.33
17.43,85.09, 1018.35
17.42,85.09, 1018.32
17.42,85.1, 1018.34
17.41,85.08, 1018.37
17.42,85.1, 1018.39
17.42,85.1, 1018.39
17.41,85.1, 1018.35
17.41,85.08, 1018.35
17.42,85.08, 1018.33
17.42,85.1, 1018.35
17.42,85.08, 1018.3
17.42,85.1, 1018.35
17.42,85.09, 1018.34
17.41,85.1, 1018.37
17.42,85.1, 1018.48
17.42,85.1, 1018.37
17.42,85.09, 1018.34
17.42,85.1, 1018.33
17.41,85.08, 1018.32
17.42,85.1, 1018.36
17.42,85.1, 1018.28
17.42,85.1, 1018.31
17.42,85.1, 1018.32
17.42,85.1, 1018.3
17.42,85.09, 1018.34
17.42,85.1, 1018.35
17.42,85.1, 1018.35
17.42,85.1, 1018.34
17.42,85.1, 1018.36
17.42,85.08, 1018.33
17.42,85.1, 1018.39
17.42,85.1, 1018.37
17.42,85.1, 1018.36
17.41,85.1, 1018.32
17.42,85.1, 1018.32
17.42,85.1, 1018.35
17.42,85.1, 1018.38
17.42,85.1, 1018.33
17.42,85.1, 1018.33
17.42,85.1, 1018.32
17.42,85.1, 1018.34
17.42,85.1, 1018.4
17.42,85.1, 1018.36
17.42,85.1, 1018.37
17.42,85.1, 1018.37
17.42,85.1, 1018.38
17.42,85.1, 1018.32
17.43,85.1, 1018.37
17.41,85.1, 1018.4
17.42,85.1, 1018.38
17.42,85.1, 1018.37
17.42,85.1, 1018.36
17.42,85.1, 1018.4
17.43,85.1, 1018.44
17.42,85.1, 1018.37
17.42,85.1, 1018.35
17.42,85.11, 1018.36
17.43,85.1, 1018.36
17.43,85.1, 1018.44
17.42,85.1, 1018.41
17.42,85.1, 1018.4
17.43,85.11, 1018.42
17.42,85.1, 1018.38
17.43,85.1, 1018.44
17.43,85.11, 1018.4
17.43,85.1, 1018.4
17.43,85.1, 1018.4
17.43,85.11, 1018.39
17.42,85.11, 1018.35
17.43,85.1, 1018.37
17.42,85.1, 1018.37
17.42,85.11, 1018.42
17.42,85.11, 1018.44
17.42,85.11, 1018.42
17.42,85.11, 1018.35
17.43,85.11, 1018.41
17.43,85.11, 1018.42
17.43,85.11, 1018.38
17.43,85.1, 1018.37
17.43,85.1, 1018.42
17.43,85.1, 1018.33
17.43,85.1, 1018.38
17.43,85.11, 1018.41
17.43,85.11, 1018.36
17.42,85.08, 1018.33
17.43,85.1, 1018.37
17.42,85.11, 1018.33
17.43,85.1, 1018.35
17.43,85.1, 1018.33
17.43,85.11, 1018.37
17.43,85.11, 1018.35
17.43,85.11, 1018.36
17.44,85.1, 1018.33
17.43,85.1, 1018.32
17.44,85.1, 1018.37
17.43,85.1, 1018.33
17.43,85.1, 1018.39
17.44,85.1, 1018.35
17.44,85.1, 1018.36
17.43,85.1, 1018.35
17.43,85.1, 1018.32
17.44,85.1, 1018.4
17.43,85.1, 1018.4
17.44,85.1, 1018.39
17.44,85.1, 1018.39
17.44,85.1, 1018.38
17.44,85.1, 1018.42
17.43,85.1, 1018.37
17.44,85.1, 1018.36
17.44,85.1, 1018.42
17.44,85.1, 1018.38
17.44,85.09, 1018.41
17.44,85.1, 1018.37
17.45,85.1, 1018.38
17.45,85.1, 1018.4
17.45,85.1, 1018.4
17.45,85.1, 1018.45
17.44,85.1, 1018.46
17.44,85.1, 1018.41
17.45,85.1, 1018.39
17.44,85.1, 1018.38
17.45,85.1, 1018.38
17.44,85.1, 1018.35
17.45,85.1, 1018.35
17.45,85.1, 1018.38
17.44,85.09, 1018.38
17.45,85.1, 1018.35
17.45,85.1, 1018.35
17.44,85.1, 1018.37
17.45,85.1, 1018.38
17.44,85.1, 1018.4
17.44,85.1, 1018.39
17.45,85.1, 1018.42
17.44,85.1, 1018.38
17.45,85.1, 1018.39
17.46,85.1, 1018.41
17.45,85.1, 1018.46
17.45,85.1, 1018.41
17.45,85.1, 1018.39
17.45,85.1, 1018.4
17.45,85.1, 1018.39
17.45,85.1, 1018.4
17.45,85.1, 1018.46
17.46,85.1, 1018.49
17.46,85.1, 1018.51
17.45,85.1, 1018.42
17.45,85.1, 1018.44
17.45,85.1, 1018.47
17.46,85.1, 1018.49
17.45,85.1, 1018.52
17.45,85.1, 1018.51
17.45,85.1, 1018.5
17.45,85.1, 1018.55
17.45,85.1, 1018.53
17.47,85.11, 1018.57
17.45,85.1, 1018.53
17.46,85.1, 1018.54
17.46,85.11, 1018.55
17.46,85.11, 1018.55
17.46,85.1, 1018.55
17.46,85.1, 1018.57
17.46,85.11, 1018.56
17.45,85.1, 1018.49
17.46,85.11, 1018.56
17.46,85.1, 1018.56
17.46,85.11, 1018.6
17.46,85.1, 1018.59
17.46,85.11, 1018.58
17.46,85.11, 1018.56
17.46,85.1, 1018.6
17.46,85.1, 1018.59
17.45,85.1, 1018.6
17.46,85.1, 1018.59
17.46,85.1, 1018.56
17.46,85.1, 1018.53
17.46,85.11, 1018.53
17.45,85.1, 1018.53
17.46,85.11, 1018.56
17.46,85.1, 1018.55
17.46,85.1, 1018.56
17.46,85.11, 1018.59
17.46,85.11, 1018.57
17.46,85.11, 1018.57
17.46,85.11, 1018.59
17.46,85.11, 1018.61
17.47,85.11, 1018.59
17.47,85.11, 1018.61
17.47,85.11, 1018.6
17.47,85.11, 1018.57
17.47,85.11, 1018.59
17.47,85.11, 1018.56
17.47,85.11, 1018.56
17.47,85.11, 1018.61
17.47,85.11, 1018.58
17.47,85.11, 1018.54
17.48,85.11, 1018.6
17.47,85.11, 1018.59
17.47,85.11, 1018.61
17.47,85.11, 1018.58
17.47,85.12, 1018.57
17.47,85.11, 1018.61
17.47,85.11, 1018.66
17.47,85.11, 1018.59
17.48,85.11, 1018.62
17.47,85.11, 1018.61
17.47,85.11, 1018.58
17.48,85.11, 1018.63
17.47,85.11, 1018.58
17.47,85.11, 1018.58
17.47,85.11, 1018.59
17.47,85.11, 1018.52
17.47,85.11, 1018.58
17.48,85.11, 1018.61
17.48,85.11, 1018.62
17.47,85.11, 1018.61
17.47,85.11, 1018.62
17.47,85.11, 1018.6
17.47,85.11, 1018.61
17.47,85.11, 1018.58
17.47,85.11, 1018.59
17.47,85.11, 1018.6
17.48,85.11, 1018.58
17.48,85.11, 1018.57
17.48,85.11, 1018.57
17.47,85.11, 1018.59
17.48,85.11, 1018.57
17.48,85.11, 1018.61
17.48,85.11, 1018.62
17.48,85.11, 1018.63
17.48,85.11, 1018.59
17.49,85.11, 1018.62
17.48,85.1, 1018.57
17.48,85.11, 1018.61
17.48,85.11, 1018.57
17.49,85.11, 1018.59
17.48,85.11, 1018.59
17.48,85.11, 1018.55
17.48,85.11, 1018.58
17.48,85.11, 1018.55
17.48,85.11, 1018.59
17.48,85.11, 1018.57
17.49,85.11, 1018.57
17.48,85.11, 1018.58
17.49,85.11, 1018.62
17.49,85.11, 1018.57
17.48,85.11, 1018.6
17.48,85.11, 1018.6
17.48,85.1, 1018.59
17.49,85.11, 1018.56
17.48,85.11, 1018.56
17.48,85.1, 1018.61
17.49,85.11, 1018.59
17.49,85.11, 1018.57
17.49,85.11, 1018.58
17.49,85.11, 1018.58
17.49,85.11, 1018.59
17.49,85.11, 1018.63
17.49,85.11, 1018.63
17.48,85.11, 1018.6
17.49,85.11, 1018.62
17.48,85.11, 1018.6
17.48,85.11, 1018.61
17.48,85.11, 1018.57
17.48,85.11, 1018.55
17.49,85.11, 1018.55
17.49,85.11, 1018.59
17.49,85.11, 1018.6
17.49,85.11, 1018.61
17.49,85.11, 1018.63
17.49,85.11, 1018.61
17.49,85.1, 1018.58
17.49,85.11, 1018.61
17.5,85.11, 1018.65
17.5,85.11, 1018.64
17.49,85.11, 1018.66
17.49,85.11, 1018.64
17.49,85.11, 1018.65
17.49,85.11, 1018.65
17.5,85.11, 1018.69
17.49,85.11, 1018.62
17.49,85.11, 1018.69
17.5,85.1, 1018.66
17.49,85.11, 1018.63
17.5,85.1, 1018.69
17.49,85.11, 1018.7
17.49,85.11, 1018.73
17.49,85.11, 1018.72
17.5,85.11, 1018.73
17.49,85.11, 1018.71
17.49,85.11, 1018.72
17.5,85.1, 1018.73
17.49,85.11, 1018.72
17.49,85.11, 1018.74
17.49,85.11, 1018.72
17.49,85.11, 1018.73
17.5,85.11, 1018.69
17.5,85.11, 1018.7
17.49,85.11, 1018.71
17.5,85.1, 1018.72
17.5,85.1, 1018.73
17.49,85.11, 1018.73
17.5,85.1, 1018.74
17.5,85.11, 1018.75
17.5,85.1, 1018.74
17.5,85.1, 1018.77
17.5,85.1, 1018.74
17.5,85.1, 1018.77
17.51,85.1, 1018.77
17.5,85.1, 1018.77
17.5,85.1, 1018.75
17.49,85.11, 1018.78
17.5,85.1, 1018.82
17.51,85.1, 1018.82
17.51,85.11, 1018.82
17.5,85.1, 1018.83
17.5,85.1, 1018.85
17.5,85.1, 1018.84
17.51,85.1, 1018.87
17.51,85.1, 1018.81
17.51,85.1, 1018.79
17.51,85.1, 1018.74
17.5,85.1, 1018.8
17.51,85.1, 1018.85
17.51,85.1, 1018.86
17.51,85.1, 1018.85
17.5,85.1, 1018.88
17.51,85.1, 1018.89
17.51,85.1, 1018.87
17.51,85.1, 1018.88
17.51,85.1, 1018.88
17.51,85.1, 1018.89
17.51,85.1, 1018.88
17.51,85.11, 1018.91
17.51,85.1, 1018.88
17.51,85.1, 1018.93
17.51,85.11, 1018.94
17.52,85.1, 1018.96
17.51,85.1, 1018.95
17.51,85.1, 1018.93
17.51,85.1, 1018.91
17.51,85.1, 1018.91
17.51,85.1, 1018.9
17.51,85.1, 1018.88
17.51,85.1, 1018.89
17.51,85.1, 1018.89
17.52,85.1, 1018.93
17.52,85.1, 1018.91
17.51,85.1, 1018.91
17.52,85.1, 1018.97
17.51,85.1, 1018.95
17.52,85.1, 1018.94
17.52,85.1, 1018.93
17.51,85.1, 1018.91
17.51,85.1, 1018.91
17.52,85.11, 1018.92
17.51,85.1, 1018.92
17.52,85.11, 1018.99
17.52,85.1, 1018.98
17.51,85.1, 1018.94
17.51,85.1, 1018.98
17.52,85.1, 1018.99
17.52,85.11, 1019.01
17.52,85.1, 1019.01
17.52,85.1, 1019.01
17.52,85.11, 1018.98
17.52,85.1, 1018.98
17.51,85.1, 1019.01
17.52,85.1, 1018.99
17.52,85.11, 1018.99
17.52,85.1, 1018.99
17.52,85.11, 1019.01
17.52,85.1, 1019.0
17.52,85.1, 1019.03
17.52,85.1, 1019.03
17.52,85.1, 1019.02
17.51,85.1, 1019.04
17.52,85.1, 1019.02
17.52,85.11, 1019.06
17.52,85.1, 1019.07
17.52,85.11, 1019.06
17.52,85.11, 1019.04
17.53,85.11, 1019.01
17.52,85.11, 1019.01
17.52,85.11, 1019.03
17.52,85.11, 1019.07
17.52,85.1, 1019.03
17.53,85.11, 1019.02
17.53,85.11, 1019.03
17.53,85.11, 1019.04
17.53,85.1, 1019.04
17.53,85.11, 1019.0
17.52,85.11, 1019.01
17.53,85.11, 1019.01
17.53,85.11, 1019.01
17.53,85.11, 1019.03
17.53,85.11, 1019.02
17.53,85.11, 1019.04
17.52,85.11, 1019.04
17.53,85.11, 1019.05
17.53,85.11, 1019.04
17.53,85.11, 1019.04
17.53,85.11, 1019.03
17.53,85.11, 1019.02
17.54,85.11, 1019.07
17.53,85.11, 1019.01
17.53,85.1, 1019.04
17.53,85.11, 1019.05
17.53,85.11, 1019.06
17.53,85.11, 1019.03
17.53,85.11, 1019.03
17.53,85.11, 1019.03
17.53,85.11, 1019.05
17.54,85.09, 1019.05
17.54,85.11, 1019.07
17.53,85.11, 1019.05
17.54,85.11, 1019.03
17.54,85.11, 1019.05
17.54,85.11, 1019.04
17.53,85.11, 1019.04
17.54,85.11, 1019.06
17.53,85.11, 1019.03
17.53,85.11, 1019.05
17.54,85.11, 1019.03
17.54,85.11, 1019.02
17.54,85.11, 1019.05
17.54,85.11, 1019.07
17.54,85.11, 1019.06
17.54,85.11, 1019.06
17.54,85.1, 1019.01
17.54,85.11, 1019.08
17.54,85.11, 1019.05
17.54,85.11, 1019.09
17.54,85.11, 1019.06
17.54,85.11, 1019.05
17.54,85.11, 1019.08
17.54,85.11, 1019.07
17.54,85.11, 1019.07
17.54,85.11, 1019.07
17.54,85.11, 1019.1
17.54,85.11, 1019.1
17.54,85.11, 1019.08
17.54,85.11, 1019.1
17.54,85.11, 1019.08
17.54,85.11, 1019.04
17.54,85.11, 1019.06
17.55,85.1, 1019.08
17.55,85.11, 1019.06
17.55,85.11, 1019.05
17.54,85.1, 1019.04
17.54,85.11, 1019.09
17.54,85.11, 1019.1
17.55,85.11, 1019.09
17.55,85.11, 1019.14
17.54,85.11, 1019.12
17.55,85.11, 1019.1
17.55,85.11, 1019.1
17.55,85.11, 1019.13
17.55,85.11, 1019.07
17.55,85.1, 1019.09
17.55,85.11, 1019.12
17.55,85.11, 1019.11
17.56,85.11, 1019.11
17.55,85.11, 1019.12
17.55,85.11, 1019.12
17.55,85.11, 1019.12
17.55,85.11, 1019.13
17.55,85.11, 1019.11
17.55,85.11, 1019.15
17.55,85.11, 1019.14
17.55,85.11, 1019.11
17.55,85.11, 1019.1
17.55,85.11, 1019.11
17.55,85.1, 1019.15
17.56,85.11, 1019.14
17.55,85.11, 1019.1
17.55,85.11, 1019.13
17.56,85.11, 1019.11
17.56,85.11, 1019.15
17.56,85.11, 1019.16
17.55,85.11, 1019.18
17.56,85.11, 1019.17
17.55,85.11, 1019.14
17.55,85.11, 1019.17
17.56,85.11, 1019.17
17.56,85.1, 1019.17
17.56,85.11, 1019.17
17.56,85.1, 1019.19
17.57,85.11, 1019.18
17.56,85.1, 1019.15
17.57,85.1, 1019.17
17.56,85.1, 1019.14
17.56,85.11, 1019.14
17.56,85.1, 1019.14
17.56,85.1, 1019.15
17.57,85.1, 1019.18
17.56,85.1, 1019.16
17.56,85.1, 1019.15
17.56,85.11, 1019.17
17.56,85.11, 1019.15
17.56,85.11, 1019.16
17.57,85.11, 1019.18
17.57,85.11, 1019.19
17.57,85.1, 1019.21
17.57,85.11, 1019.21
17.57,85.1, 1019.21
17.57,85.1, 1019.2
17.56,85.1, 1019.2
17.57,85.11, 1019.22
17.57,85.11, 1019.22
17.56,85.1, 1019.22
17.57,85.1, 1019.2
17.57,85.1, 1019.23
17.57,85.11, 1019.26
17.57,85.11, 1019.21
17.56,85.1, 1019.21
17.56,85.1, 1019.2
17.57,85.11, 1019.23
17.57,85.1, 1019.23
17.56,85.11, 1019.22
17.56,85.1, 1019.24
17.57,85.11, 1019.21
17.57,85.11, 1019.23
17.57,85.11, 1019.23
17.57,85.11, 1019.21
17.57,85.11, 1019.22
17.57,85.11, 1019.19
17.57,85.11, 1019.23
17.57,85.11, 1019.18
17.57,85.11, 1019.18
17.57,85.11, 1019.2
17.57,85.11, 1019.22
17.57,85.11, 1019.21
17.57,85.11, 1019.19
17.57,85.11, 1019.18
17.57,85.11, 1019.18
17.57,85.11, 1019.19
17.58,85.11, 1019.19
17.57,85.11, 1019.16
17.57,85.11, 1019.21
17.58,85.11, 1019.18
17.58,85.11, 1019.22
17.57,85.11, 1019.18
17.57,85.11, 1019.19
17.57,85.11, 1019.19
17.58,85.11, 1019.2
17.58,85.11, 1019.18
17.58,85.11, 1019.19
17.58,85.11, 1019.22
17.58,85.11, 1019.23
17.58,85.11, 1019.22
17.58,85.11, 1019.24
17.58,85.11, 1019.21
17.58,85.11, 1019.25
17.58,85.11, 1019.25
17.58,85.11, 1019.2
17.58,85.11, 1019.24
17.58,85.11, 1019.23
17.58,85.11, 1019.22
17.58,85.11, 1019.27
17.58,85.11, 1019.24
17.58,85.11, 1019.24
17.58,85.11, 1019.26
17.58,85.11, 1019.24
17.58,85.11, 1019.23
17.58,85.11, 1019.24
17.58,85.11, 1019.2
17.58,85.11, 1019.25
17.58,85.11, 1019.25
17.58,85.11, 1019.23
17.58,85.11, 1019.24
17.59,85.11, 1019.26
17.58,85.1, 1019.26
17.58,85.11, 1019.23
17.58,85.1, 1019.26
17.58,85.11, 1019.23
17.58,85.11, 1019.22
17.58,85.11, 1019.23
17.58,85.11, 1019.25
17.58,85.11, 1019.22
17.58,85.11, 1019.2
17.58,85.11, 1019.22
17.58,85.11, 1019.24
17.59,85.11, 1019.27
17.58,85.11, 1019.26
17.58,85.11, 1019.24
17.58,85.11, 1019.26
17.58,85.11, 1019.27
17.58,85.11, 1019.31
17.59,85.11, 1019.29
17.59,85.11, 1019.29
17.58,85.11, 1019.26
17.59,85.11, 1019.35
17.59,85.11, 1019.33
17.59,85.11, 1019.34
17.59,85.11, 1019.33
17.59,85.11, 1019.34
17.59,85.11, 1019.38
17.6,85.11, 1019.35
17.59,85.11, 1019.4
17.59,85.11, 1019.39
17.58,85.11, 1019.38
17.59,85.11, 1019.34
17.59,85.11, 1019.35
17.58,85.11, 1019.36
17.6,85.11, 1019.36
17.59,85.11, 1019.38
17.59,85.11, 1019.37
17.59,85.11, 1019.38
17.59,85.11, 1019.39
17.59,85.11, 1019.37
17.59,85.11, 1019.37
17.59,85.11, 1019.37
17.59,85.11, 1019.38
17.59,85.11, 1019.39
17.59,85.11, 1019.41
17.59,85.11, 1019.41
17.59,85.11, 1019.39
17.58,85.11, 1019.37
17.6,85.1, 1019.38
17.59,85.11, 1019.36
17.59,85.1, 1019.34
17.6,85.11, 1019.34
17.6,85.11, 1019.39
17.6,85.1, 1019.4
17.59,85.11, 1019.39
17.6,85.11, 1019.42
17.59,85.11, 1019.43
17.6,85.11, 1019.42
17.6,85.11, 1019.43
17.6,85.11, 1019.4
17.59,85.11, 1019.39
17.6,85.11, 1019.39
17.59,85.11, 1019.4
17.6,85.11, 1019.39
17.59,85.11, 1019.42
17.6,85.11, 1019.49
17.6,85.11, 1019.44
17.6,85.11, 1019.41
17.6,85.11, 1019.44
17.61,85.11, 1019.46
17.6,85.11, 1019.46
17.6,85.11, 1019.47
17.6,85.11, 1019.47
17.6,85.11, 1019.49
17.6,85.11, 1019.5
17.61,85.11, 1019.51
17.6,85.11, 1019.52
17.6,85.11, 1019.51
17.6,85.11, 1019.52
17.6,85.11, 1019.52
17.6,85.11, 1019.54
17.6,85.11, 1019.52
17.61,85.11, 1019.52
17.61,85.11, 1019.58
17.61,85.11, 1019.51
17.6,85.11, 1019.51
17.61,85.11, 1019.56
17.61,85.11, 1019.49
17.6,85.11, 1019.47
17.61,85.11, 1019.52
17.62,85.11, 1019.51
17.61,85.11, 1019.5
17.61,85.11, 1019.53
17.61,85.11, 1019.54
17.62,85.11, 1019.54
17.61,85.11, 1019.55
17.61,85.11, 1019.52
17.61,85.11, 1019.49
17.61,85.11, 1019.49
17.61,85.11, 1019.49
17.61,85.11, 1019.5
17.61,85.11, 1019.48
17.61,85.11, 1019.51
17.62,85.1, 1019.54
17.61,85.11, 1019.53
17.61,85.11, 1019.53
17.61,85.11, 1019.55
17.61,85.11, 1019.54
17.62,85.11, 1019.53
17.61,85.11, 1019.54
17.61,85.11, 1019.54
17.61,85.11, 1019.54
17.61,85.11, 1019.55
17.61,85.1, 1019.51
17.61,85.11, 1019.55
17.61,85.11, 1019.55
17.61,85.11, 1019.56
17.62,85.11, 1019.55
17.62,85.11, 1019.55
17.61,85.1, 1019.53
17.62,85.11, 1019.57
17.61,85.11, 1019.56
17.61,85.11, 1019.54
17.61,85.11, 1019.5
17.61,85.11, 1019.51
17.61,85.11, 1019.52
17.62,85.11, 1019.57
17.62,85.09, 1019.57
17.62,85.11, 1019.55
17.61,85.11, 1019.54
17.62,85.11, 1019.58
17.62,85.11, 1019.56
17.63,85.12, 1019.57
17.62,85.11, 1019.56
17.63,85.1, 1019.6
17.62,85.11, 1019.54
17.62,85.12, 1019.57
17.63,85.1, 1019.55
17.63,85.11, 1019.57
17.63,85.1, 1019.58
17.62,85.11, 1019.53
17.63,85.1, 1019.56
17.62,85.1, 1019.55
17.63,85.1, 1019.57
17.63,85.1, 1019.56
17.63,85.11, 1019.55
17.63,85.11, 1019.55
17.63,85.11, 1019.55
17.63,85.11, 1019.54
17.63,85.11, 1019.53
17.62,85.12, 1019.52
17.63,85.1, 1019.55
17.63,85.11, 1019.53
17.62,85.1, 1019.55
17.63,85.11, 1019.53
17.63,85.11, 1019.59
17.63,85.11, 1019.59
17.63,85.1, 1019.55
17.64,85.11, 1019.59
17.63,85.11, 1019.57
17.63,85.11, 1019.6
17.64,85.11, 1019.55
17.64,85.11, 1019.56
17.64,85.11, 1019.57
17.64,85.11, 1019.59
17.64,85.11, 1019.58
17.64,85.11, 1019.59
17.63,85.11, 1019.54
17.63,85.11, 1019.56
17.64,85.11, 1019.55
17.64,85.11, 1019.56
17.64,85.11, 1019.52
17.63,85.11, 1019.52
17.63,85.11, 1019.53
17.63,85.11, 1019.56
17.63,85.11, 1019.52
17.64,85.11, 1019.54
17.64,85.11, 1019.56
17.63,85.11, 1019.55
17.64,85.11, 1019.52
17.64,85.11, 1019.55
17.64,85.11, 1019.55
17.64,85.11, 1019.55
17.63,85.11, 1019.56
17.64,85.11, 1019.59
17.65,85.11, 1019.57
17.63,85.11, 1019.54
17.64,85.11, 1019.56
17.64,85.11, 1019.59
17.64,85.11, 1019.52
17.64,85.11, 1019.53
17.64,85.11, 1019.5
17.64,85.11, 1019.56
17.64,85.11, 1019.56
17.64,85.11, 1019.55
17.64,85.11, 1019.55
17.64,85.11, 1019.53
17.64,85.11, 1019.52
17.64,85.11, 1019.55
17.64,85.11, 1019.52
17.64,85.11, 1019.58
17.64,85.11, 1019.54
17.64,85.11, 1019.54
17.64,85.11, 1019.57
17.64,85.11, 1019.55
17.64,85.11, 1019.57
17.64,85.11, 1019.55
17.64,85.11, 1019.57
17.64,85.11, 1019.56
17.64,85.11, 1019.57
17.64,85.11, 1019.58
17.64,85.11, 1019.57
17.65,85.11, 1019.56
17.65,85.11, 1019.55
17.64,85.11, 1019.57
17.65,85.1, 1019.58
17.64,85.11, 1019.58
17.64,85.1, 1019.57
17.65,85.11, 1019.6
17.65,85.11, 1019.56
17.65,85.11, 1019.56
17.65,85.11, 1019.53
17.65,85.11, 1019.57
17.65,85.11, 1019.57
17.64,85.11, 1019.56
17.65,85.11, 1019.57
17.65,85.11, 1019.57
17.65,85.11, 1019.58
17.65,85.11, 1019.59
17.65,85.11, 1019.56
17.65,85.11, 1019.54
17.65,85.11, 1019.53
17.65,85.11, 1019.57
17.66,85.11, 1019.63
17.65,85.11, 1019.58
17.65,85.11, 1019.59
17.65,85.11, 1019.57
17.66,85.11, 1019.62
17.65,85.11, 1019.59
17.65,85.11, 1019.57
17.66,85.11, 1019.6
17.66,85.11, 1019.65
17.65,85.11, 1019.6
17.65,85.11, 1019.59
17.65,85.11, 1019.54
17.65,85.11, 1019.54
17.66,85.1, 1019.57
17.65,85.11, 1019.52
17.66,85.11, 1019.57
17.65,85.11, 1019.55
17.66,85.11, 1019.55
17.66,85.11, 1019.55
17.66,85.11, 1019.51
17.65,85.11, 1019.53
17.66,85.11, 1019.54
17.66,85.11, 1019.56
17.66,85.1, 1019.56
17.66,85.11, 1019.54
17.66,85.11, 1019.57
17.66,85.11, 1019.57
17.66,85.11, 1019.58
17.67,85.11, 1019.56
17.67,85.09, 1019.54
17.67,85.11, 1019.53
17.66,85.11, 1019.52
17.66,85.09, 1019.54
17.66,85.11, 1019.52
17.66,85.1, 1019.52
17.66,85.1, 1019.51
17.67,85.1, 1019.52
17.67,85.1, 1019.52
17.66,85.11, 1019.53
17.66,85.1, 1019.52
17.66,85.11, 1019.49
17.67,85.11, 1019.5
17.67,85.1, 1019.51
17.67,85.1, 1019.53
17.67,85.1, 1019.51
17.67,85.1, 1019.55
17.67,85.1, 1019.55
17.67,85.11, 1019.5
17.67,85.11, 1019.52
17.67,85.1, 1019.49
17.68,85.1, 1019.55
17.67,85.1, 1019.52
17.67,85.1, 1019.53
17.67,85.1, 1019.57
17.67,85.11, 1019.53
17.67,85.1, 1019.54
17.67,85.1, 1019.53
17.67,85.1, 1019.49
17.67,85.1, 1019.53
17.68,85.1, 1019.52
17.67,85.1, 1019.55
17.67,85.1, 1019.53
17.67,85.11, 1019.56
17.67,85.1, 1019.55
17.67,85.1, 1019.54
17.67,85.1, 1019.51
17.67,85.1, 1019.52
17.67,85.11, 1019.52
17.67,85.1, 1019.53
17.68,85.1, 1019.58
17.67,85.1, 1019.58
17.68,85.1, 1019.54
17.67,85.1, 1019.52
17.67,85.1, 1019.55
17.68,85.1, 1019.55
17.68,85.11, 1019.55
17.68,85.11, 1019.58
17.68,85.12, 1019.55
17.68,85.11, 1019.56
17.67,85.1, 1019.59
17.68,85.1, 1019.56
17.68,85.11, 1019.55
17.68,85.11, 1019.55
17.69,85.12, 1019.56
17.68,85.1, 1019.57
17.68,85.11, 1019.59
17.68,85.1, 1019.57
17.68,85.1, 1019.54
17.68,85.11, 1019.59
17.68,85.11, 1019.58
17.68,85.11, 1019.61
17.68,85.11, 1019.59
17.69,85.11, 1019.57
17.68,85.11, 1019.58
17.68,85.11, 1019.62
17.69,85.11, 1019.61
17.68,85.1, 1019.58
17.68,85.1, 1019.58
17.68,85.12, 1019.6
17.68,85.11, 1019.57
17.68,85.11, 1019.61
17.69,85.11, 1019.58
17.68,85.11, 1019.58
17.68,85.11, 1019.59
17.68,85.11, 1019.6
17.69,85.11, 1019.58
17.68,85.11, 1019.58
17.68,85.1, 1019.54
17.69,85.11, 1019.61
17.69,85.11, 1019.58
17.68,85.1, 1019.56
17.69,85.11, 1019.58
17.69,85.11, 1019.57
17.69,85.11, 1019.58
17.68,85.11, 1019.59
17.69,85.11, 1019.6
17.69,85.11, 1019.61
17.69,85.11, 1019.59
17.69,85.11, 1019.6
17.7,85.11, 1019.59
17.69,85.11, 1019.61
17.69,85.11, 1019.58
17.69,85.11, 1019.6
17.7,85.11, 1019.62
17.7,85.11, 1019.62
17.7,85.11, 1019.61
17.7,85.11, 1019.64
17.69,85.11, 1019.61
17.7,85.11, 1019.63
17.7,85.11, 1019.67
17.7,85.11, 1019.63
17.7,85.11, 1019.62
17.7,85.11, 1019.62
17.69,85.11, 1019.63
17.7,85.11, 1019.62
17.7,85.11, 1019.61
17.7,85.11, 1019.61
17.7,85.11, 1019.6
17.7,85.11, 1019.59
17.7,85.11, 1019.64
17.69,85.11, 1019.61
17.7,85.11, 1019.63
17.7,85.11, 1019.64
17.7,85.11, 1019.59
17.69,85.1, 1019.62
17.7,85.1, 1019.61
17.69,85.11, 1019.64
17.7,85.11, 1019.63
17.7,85.11, 1019.63
17.7,85.11, 1019.65
17.7,85.11, 1019.61
17.7,85.11, 1019.62
17.7,85.1, 1019.6
17.7,85.11, 1019.59
17.7,85.11, 1019.59
17.7,85.11, 1019.61
17.7,85.11, 1019.62
17.71,85.1, 1019.63
17.7,85.1, 1019.64
17.7,85.1, 1019.62
17.7,85.1, 1019.63
17.71,85.11, 1019.63
17.71,85.11, 1019.59
17.7,85.1, 1019.63
17.7,85.11, 1019.62
17.7,85.11, 1019.62
17.7,85.11, 1019.62
17.71,85.11, 1019.6
17.7,85.11, 1019.6
17.7,85.11, 1019.62
17.71,85.11, 1019.64
17.7,85.11, 1019.62
17.71,85.1, 1019.63
17.71,85.11, 1019.62
17.7,85.11, 1019.61
17.7,85.11, 1019.66
17.7,85.11, 1019.67
17.71,85.1, 1019.64
17.7,85.11, 1019.66
17.71,85.1, 1019.62
17.71,85.11, 1019.62
17.71,85.1, 1019.65
17.7,85.1, 1019.67
17.71,85.1, 1019.64
17.71,85.11, 1019.64
17.7,85.11, 1019.63
17.71,85.1, 1019.63
17.71,85.1, 1019.62
17.71,85.1, 1019.63
17.71,85.11, 1019.61
17.71,85.11, 1019.61
17.71,85.11, 1019.63
17.71,85.11, 1019.6
17.72,85.11, 1019.65
17.71,85.1, 1019.63
17.72,85.1, 1019.64
17.71,85.1, 1019.62
17.71,85.11, 1019.62
17.71,85.11, 1019.62
17.72,85.11, 1019.62
17.72,85.1, 1019.64
17.72,85.11, 1019.63
17.71,85.1, 1019.63
17.71,85.11, 1019.62
17.72,85.1, 1019.68
17.71,85.11, 1019.65
17.72,85.1, 1019.63
17.71,85.11, 1019.62
17.72,85.11, 1019.65
17.72,85.1, 1019.59
17.72,85.1, 1019.63
17.72,85.1, 1019.62
17.72,85.1, 1019.64
17.72,85.1, 1019.65
17.72,85.11, 1019.59
17.72,85.1, 1019.63
17.72,85.11, 1019.61
17.72,85.11, 1019.64
17.72,85.1, 1019.63
17.72,85.11, 1019.63
17.72,85.1, 1019.62
17.72,85.11, 1019.61
17.72,85.1, 1019.66
17.72,85.11, 1019.61
17.72,85.11, 1019.66
17.72,85.1, 1019.63
17.72,85.1, 1019.63
17.72,85.1, 1019.59
17.72,85.1, 1019.56
17.73,85.1, 1019.57
17.72,85.1, 1019.57
17.72,85.1, 1019.54
17.72,85.1, 1019.58
17.73,85.1, 1019.62
17.73,85.1, 1019.59
17.73,85.1, 1019.59
17.73,85.12, 1019.62
17.72,85.1, 1019.59
17.73,85.1, 1019.61
17.73,85.1, 1019.6
17.72,85.1, 1019.58
17.73,85.1, 1019.59
17.73,85.1, 1019.6
17.73,85.1, 1019.6
17.73,85.1, 1019.6
17.72,85.1, 1019.59
17.73,85.1, 1019.61
17.73,85.1, 1019.61
17.72,85.1, 1019.63
17.73,85.1, 1019.6
17.73,85.1, 1019.59
17.74,85.1, 1019.61
17.73,85.1, 1019.57
17.73,85.1, 1019.58
17.73,85.1, 1019.59
17.73,85.1, 1019.6
17.73,85.1, 1019.6
17.74,85.1, 1019.64
17.73,85.1, 1019.61
17.73,85.1, 1019.58
17.74,85.1, 1019.6
17.73,85.1, 1019.62
17.74,85.1, 1019.64
17.73,85.1, 1019.6
17.73,85.1, 1019.63
17.73,85.1, 1019.61
17.74,85.1, 1019.64
17.73,85.09, 1019.61
17.74,85.1, 1019.66
17.73,85.1, 1019.64
17.74,85.1, 1019.65
17.74,85.1, 1019.66
17.74,85.1, 1019.66
17.74,85.11, 1019.66
17.74,85.1, 1019.66
17.74,85.11, 1019.69
17.74,85.1, 1019.68
17.73,85.1, 1019.69
17.74,85.1, 1019.69
17.74,85.09, 1019.71
17.74,85.11, 1019.69
17.74,85.09, 1019.72
17.74,85.1, 1019.68
17.74,85.11, 1019.69
17.74,85.1, 1019.7
17.74,85.1, 1019.71
17.74,85.11, 1019.7
17.74,85.1, 1019.7
17.74,85.09, 1019.74
17.74,85.1, 1019.74
17.74,85.11, 1019.71
17.74,85.1, 1019.74
17.74,85.1, 1019.76
17.74,85.11, 1019.76
17.74,85.1, 1019.76
17.74,85.1, 1019.78
17.74,85.1, 1019.75
17.74,85.1, 1019.78
17.75,85.1, 1019.82
17.75,85.1, 1019.78
17.75,85.1, 1019.79
17.74,85.1, 1019.73
17.75,85.1, 1019.75
17.75,85.1, 1019.78
17.75,85.1, 1019.75
17.75,85.1, 1019.77
17.75,85.1, 1019.77
17.75,85.1, 1019.75
17.75,85.11, 1019.75
17.75,85.1, 1019.75
17.75,85.11, 1019.79
17.75,85.1, 1019.77
17.75,85.11, 1019.78
17.75,85.1, 1019.81
17.75,85.11, 1019.78
17.75,85.1, 1019.8
17.76,85.1, 1019.8
17.75,85.1, 1019.77
17.75,85.1, 1019.77
17.75,85.1, 1019.77
17.75,85.1, 1019.76
17.76,85.1, 1019.77
17.76,85.1, 1019.81
17.75,85.1, 1019.79
17.75,85.1, 1019.83
17.76,85.1, 1019.8
17.76,85.11, 1019.82
17.76,85.09, 1019.76
17.76,85.1, 1019.81
17.76,85.08, 1019.79
17.76,85.1, 1019.75
17.75,85.1, 1019.76
17.76,85.1, 1019.82
17.76,85.09, 1019.8
17.75,85.1, 1019.79
17.75,85.11, 1019.81
17.76,85.1, 1019.79
17.76,85.1, 1019.84
17.76,85.09, 1019.82
17.75,85.09, 1019.84
17.77,85.1, 1019.85
17.76,85.1, 1019.82
17.77,85.1, 1019.85
17.77,85.1, 1019.85
17.76,85.1, 1019.82
17.76,85.1, 1019.84
17.75,85.1, 1019.82
17.76,85.1, 1019.86
17.75,85.1, 1019.83
17.76,85.1, 1019.85
17.76,85.09, 1019.86
17.76,85.09, 1019.86
17.77,85.09, 1019.9
17.76,85.1, 1019.9
17.76,85.09, 1019.87
17.77,85.09, 1019.85
17.77,85.1, 1019.87
17.77,85.1, 1019.87
17.77,85.09, 1019.87
17.76,85.1, 1019.89
17.77,85.1, 1019.88
17.77,85.1, 1019.91
17.77,85.1, 1019.9
17.77,85.1, 1019.92
17.76,85.09, 1019.88
17.77,85.1, 1019.9
17.77,85.09, 1019.91
17.77,85.1, 1019.9
17.78,85.1, 1019.93
17.77,85.09, 1019.92
17.77,85.1, 1019.93
17.77,85.1, 1019.89
17.77,85.1, 1019.9
17.77,85.1, 1019.91
17.77,85.09, 1019.94
17.77,85.09, 1019.97
17.77,85.1, 1019.95
17.77,85.1, 1019.94
17.77,85.1, 1019.95
17.77,85.1, 1019.95
17.77,85.1, 1019.97
17.77,85.1, 1019.98
17.77,85.1, 1019.97
17.78,85.1, 1019.99
17.78,85.1, 1019.99
17.78,85.1, 1020.0
17.77,85.1, 1019.99
17.78,85.1, 1019.99
17.78,85.1, 1019.95
17.78,85.1, 1019.98
17.78,85.1, 1019.98
17.78,85.08, 1019.98
17.78,85.1, 1020.01
17.77,85.1, 1020.0
17.77,85.09, 1020.0
17.78,85.09, 1020.03
17.77,85.09, 1019.98
17.77,85.1, 1019.98
17.78,85.1, 1020.0
17.78,85.1, 1019.96
17.78,85.1, 1019.99
17.78,85.09, 1019.96
17.78,85.1, 1019.98
17.78,85.09, 1020.0
17.78,85.09, 1019.99
17.78,85.09, 1019.96
17.78,85.09, 1019.98
17.78,85.09, 1019.95
17.78,85.1, 1019.96
17.79,85.1, 1019.96
17.78,85.09, 1019.99
17.78,85.09, 1019.96
17.78,85.09, 1020.0
17.78,85.09, 1019.97
17.78,85.09, 1020.01
17.79,85.09, 1020.01
17.78,85.09, 1019.99
17.79,85.09, 1020.01
17.78,85.09, 1019.99
17.79,85.09, 1019.99
17.78,85.09, 1020.0
17.78,85.09, 1020.01
17.78,85.1, 1020.01
17.79,85.11, 1019.99
17.79,85.1, 1020.01
17.79,85.1, 1020.04
17.78,85.09, 1020.01
17.78,85.09, 1020.0
17.78,85.09, 1020.04
17.79,85.1, 1020.02
17.78,85.09, 1020.01
17.78,85.09, 1020.03
17.79,85.1, 1020.03
17.78,85.09, 1020.03
17.79,85.09, 1020.03
17.78,85.09, 1019.98
17.79,85.09, 1020.01
17.78,85.09, 1019.98
17.78,85.09, 1019.96
17.78,85.09, 1020.0
17.78,85.09, 1020.01
17.78,85.09, 1019.97
17.78,85.09, 1019.99
17.79,85.09, 1019.98
17.79,85.09, 1019.96
17.79,85.1, 1020.01
17.79,85.09, 1020.01
17.79,85.09, 1019.97
17.79,85.1, 1019.98
17.79,85.09, 1019.98
17.79,85.1, 1019.98
17.78,85.09, 1020.01
17.79,85.1, 1020.0
17.79,85.1, 1020.03
17.79,85.1, 1020.01
17.8,85.1, 1020.03
17.79,85.1, 1020.03
17.8,85.1, 1020.04
17.79,85.1, 1020.04
17.8,85.1, 1020.06
17.79,85.1, 1020.02
17.79,85.1, 1020.05
17.79,85.1, 1020.01
17.8,85.1, 1020.06
17.8,85.1, 1020.1
17.8,85.1, 1020.08
17.79,85.1, 1020.05
17.8,85.1, 1020.09
17.8,85.1, 1020.07
17.8,85.1, 1020.09
17.8,85.1, 1020.12
17.79,85.1, 1020.09
17.8,85.1, 1020.12
17.79,85.1, 1020.12
17.79,85.1, 1020.12
17.8,85.1, 1020.14
17.8,85.1, 1020.14
17.8,85.1, 1020.13
17.79,85.1, 1020.13
17.79,85.08, 1020.15
17.8,85.1, 1020.12
17.8,85.1, 1020.15
17.8,85.1, 1020.15
17.8,85.1, 1020.16
17.8,85.1, 1020.17
17.8,85.1, 1020.17
17.8,85.1, 1020.19
17.8,85.1, 1020.18
17.8,85.1, 1020.2
17.8,85.1, 1020.19
17.8,85.1, 1020.22
17.8,85.09, 1020.2
17.8,85.1, 1020.2
17.81,85.1, 1020.21
17.8,85.1, 1020.23
17.8,85.1, 1020.2
17.8,85.09, 1020.2
17.8,85.1, 1020.25
17.8,85.09, 1020.23
17.8,85.11, 1020.24
17.8,85.09, 1020.27
17.81,85.1, 1020.22
17.8,85.1, 1020.23
17.8,85.1, 1020.24
17.8,85.1, 1020.28
17.8,85.1, 1020.25
17.8,85.09, 1020.26
17.8,85.09, 1020.28
17.8,85.1, 1020.29
17.81,85.1, 1020.29
17.8,85.1, 1020.24
17.8,85.1, 1020.29
17.81,85.09, 1020.26
17.8,85.1, 1020.27
17.81,85.1, 1020.29
17.81,85.1, 1020.33
17.81,85.1, 1020.28
17.8,85.1, 1020.28
17.81,85.1, 1020.32
17.81,85.1, 1020.32
17.81,85.09, 1020.34
17.81,85.1, 1020.34
17.81,85.1, 1020.35
17.81,85.1, 1020.35
17.81,85.1, 1020.34
17.81,85.1, 1020.35
17.81,85.1, 1020.36
17.8,85.09, 1020.38
17.81,85.09, 1020.36
17.81,85.09, 1020.4
17.81,85.09, 1020.41
17.81,85.1, 1020.39
17.81,85.09, 1020.41
17.81,85.1, 1020.42
17.81,85.1, 1020.42
17.81,85.1, 1020.43
17.81,85.09, 1020.47
17.81,85.1, 1020.44
17.81,85.09, 1020.49
17.81,85.09, 1020.46
17.82,85.1, 1020.47
17.81,85.1, 1020.46
17.81,85.1, 1020.49
17.81,85.09, 1020.51
17.82,85.09, 1020.48
17.82,85.1, 1020.48
17.81,85.09, 1020.46
17.82,85.1, 1020.47
17.82,85.09, 1020.46
17.82,85.09, 1020.47
17.82,85.09, 1020.47
17.82,85.1, 1020.47
17.81,85.09, 1020.51
17.81,85.1, 1020.47
17.81,85.09, 1020.47
17.81,85.1, 1020.46
17.83,85.09, 1020.49
17.81,85.1, 1020.47
17.82,85.09, 1020.5
17.82,85.09, 1020.47
17.82,85.09, 1020.48
17.82,85.09, 1020.51
17.82,85.09, 1020.49
17.82,85.1, 1020.53
17.82,85.09, 1020.53
17.82,85.09, 1020.5
17.82,85.09, 1020.5
17.83,85.09, 1020.5
17.82,85.09, 1020.5
17.82,85.09, 1020.49
17.82,85.09, 1020.52
17.81,85.1, 1020.49
17.82,85.09, 1020.52
17.82,85.09, 1020.53
17.82,85.09, 1020.54
17.82,85.09, 1020.52
17.83,85.09, 1020.54
17.82,85.09, 1020.5
17.82,85.09, 1020.54
17.83,85.09, 1020.56
17.82,85.09, 1020.5
17.83,85.09, 1020.52
17.83,85.09, 1020.48
17.82,85.1, 1020.5
17.82,85.09, 1020.51
17.84,85.09, 1020.53
17.82,85.08, 1020.54
17.83,85.09, 1020.59
17.83,85.09, 1020.56
17.83,85.09, 1020.57
17.82,85.09, 1020.52
17.83,85.09, 1020.59
17.83,85.09, 1020.59
17.82,85.09, 1020.58
17.83,85.09, 1020.63
17.83,85.09, 1020.61
17.83,85.09, 1020.6
17.83,85.09, 1020.61
17.83,85.09, 1020.64
17.84,85.09, 1020.65
17.83,85.09, 1020.63
17.83,85.09, 1020.63
17.83,85.09, 1020.66
17.83,85.09, 1020.68
17.83,85.09, 1020.67
17.83,85.09, 1020.67
17.83,85.09, 1020.7
17.82,85.09, 1020.7
17.83,85.09, 1020.71
17.84,85.09, 1020.72
17.84,85.09, 1020.72
17.83,85.09, 1020.71
17.83,85.09, 1020.71
17.83,85.09, 1020.72
17.83,85.08, 1020.73
17.84,85.09, 1020.74
17.83,85.09, 1020.74
17.84,85.09, 1020.75
17.83,85.09, 1020.76
17.84,85.09, 1020.77
17.84,85.09, 1020.77
17.84,85.09, 1020.8
17.84,85.12, 1020.78
17.83,85.09, 1020.76
17.84,85.09, 1020.76
17.84,85.09, 1020.8
17.84,85.09, 1020.81
17.84,85.08, 1020.83
17.84,85.08, 1020.81
17.83,85.09, 1020.78
17.83,85.09, 1020.77
17.84,85.09, 1020.8
17.84,85.08, 1020.8
17.83,85.09, 1020.78
17.83,85.08, 1020.84
17.83,85.09, 1020.85
17.83,85.08, 1020.79
17.84,85.09, 1020.84
17.83,85.08, 1020.79
17.83,85.09, 1020.82
17.83,85.09, 1020.85
17.83,85.09, 1020.8
17.84,85.09, 1020.83
17.84,85.09, 1020.84
17.84,85.09, 1020.8
17.84,85.08, 1020.81
17.84,85.09, 1020.81
17.84,85.09, 1020.82
17.84,85.08, 1020.83
17.84,85.09, 1020.81
17.84,85.08, 1020.83
17.84,85.08, 1020.86
17.84,85.08, 1020.82
17.84,85.08, 1020.83
17.84,85.08, 1020.8
17.84,85.08, 1020.85
17.84,85.08, 1020.86
17.84,85.09, 1020.82
17.84,85.09, 1020.84
17.84,85.08, 1020.82
17.84,85.08, 1020.83
17.84,85.09, 1020.83
17.84,85.08, 1020.87
17.84,85.08, 1020.82
17.84,85.09, 1020.84
17.84,85.08, 1020.86
17.84,85.08, 1020.83
17.84,85.08, 1020.8
17.85,85.08, 1020.84
17.84,85.08, 1020.83
17.85,85.08, 1020.83
17.85,85.09, 1020.82
17.84,85.08, 1020.85
17.85,85.08, 1020.83
17.84,85.08, 1020.79
17.84,85.09, 1020.84
17.85,85.09, 1020.84
17.85,85.08, 1020.85
17.85,85.09, 1020.88
17.85,85.09, 1020.85
17.85,85.09, 1020.84
17.85,85.1, 1020.83
17.85,85.08, 1020.85
17.85,85.09, 1020.88
17.85,85.1, 1020.85
17.85,85.09, 1020.86
17.85,85.09, 1020.85
17.85,85.09, 1020.88
17.85,85.09, 1020.86
17.85,85.09, 1020.87
17.85,85.09, 1020.89
17.86,85.09, 1020.88
17.85,85.09, 1020.87
17.84,85.08, 1020.9
17.85,85.09, 1020.91
17.85,85.09, 1020.91
17.86,85.1, 1020.93
17.85,85.09, 1020.94
17.85,85.09, 1020.93
17.85,85.09, 1020.9
17.85,85.08, 1020.93
17.85,85.08, 1020.94
17.85,85.08, 1020.93
17.85,85.09, 1020.92
17.85,85.09, 1020.93
17.85,85.09, 1020.94
17.86,85.09, 1020.96
17.85,85.09, 1020.97
17.86,85.09, 1021.0
17.85,85.09, 1021.01
17.86,85.09, 1021.01
17.86,85.09, 1021.0
17.86,85.09, 1021.0
17.85,85.09, 1020.98
17.86,85.1, 1020.99
17.85,85.09, 1020.98
17.85,85.09, 1021.02
17.85,85.09, 1021.0
17.86,85.1, 1021.0
17.86,85.09, 1021.0
17.86,85.1, 1021.0
17.86,85.09, 1021.01
17.85,85.09, 1020.99
17.86,85.09, 1021.0
17.86,85.09, 1020.98
17.86,85.09, 1021.01
17.86,85.09, 1021.03
17.86,85.09, 1021.02
17.86,85.09, 1021.02
17.86,85.09, 1021.0
17.86,85.09, 1021.01
17.86,85.09, 1021.06
17.86,85.09, 1021.03
17.86,85.09, 1021.03
17.86,85.09, 1021.1
17.86,85.09, 1021.07
17.87,85.09, 1021.05
17.86,85.09, 1021.07
17.86,85.09, 1021.08
17.86,85.09, 1021.07
17.87,85.09, 1021.04
17.87,85.09, 1021.1
17.86,85.09, 1021.09
17.86,85.09, 1021.08
17.87,85.09, 1021.09
17.86,85.08, 1021.05
17.86,85.09, 1021.08
17.87,85.09, 1021.07
17.86,85.09, 1021.09
17.87,85.09, 1021.1
17.87,85.09, 1021.09
17.87,85.09, 1021.1
17.87,85.09, 1021.08
17.87,85.09, 1021.07
17.86,85.09, 1021.06
17.87,85.09, 1021.1
17.87,85.09, 1021.05
17.87,85.07, 1021.06
17.87,85.09, 1021.03
17.87,85.09, 1021.07
17.87,85.09, 1021.09
17.87,85.09, 1021.08
17.87,85.09, 1021.07
17.87,85.09, 1021.12
17.87,85.09, 1021.09
17.87,85.09, 1021.1
17.87,85.09, 1021.1
17.87,85.09, 1021.07
17.87,85.09, 1021.11
17.87,85.09, 1021.1
17.87,85.09, 1021.07
17.88,85.08, 1021.12
17.88,85.09, 1021.11
17.88,85.09, 1021.08
17.87,85.09, 1021.07
17.88,85.09, 1021.08
17.88,85.09, 1021.1
17.87,85.09, 1021.09
17.88,85.08, 1021.11
17.88,85.09, 1021.1
17.88,85.09, 1021.12
17.88,85.09, 1021.13
17.87,85.09, 1021.11
17.88,85.09, 1021.11
17.88,85.08, 1021.11
17.87,85.09, 1021.12
17.88,85.09, 1021.11
17.87,85.09, 1021.11
17.88,85.08, 1021.07
17.88,85.08, 1021.13
17.88,85.08, 1021.14
17.88,85.08, 1021.09
17.88,85.08, 1021.13
17.88,85.08, 1021.12
17.88,85.08, 1021.12
17.88,85.09, 1021.11
17.87,85.09, 1021.11
17.87,85.08, 1021.13
17.88,85.09, 1021.11
17.87,85.07, 1021.11
17.88,85.08, 1021.13
17.87,85.09, 1021.13
17.88,85.08, 1021.14
17.88,85.08, 1021.12
17.88,85.08, 1021.14
17.88,85.08, 1021.14
17.87,85.09, 1021.14
17.88,85.08, 1021.12
17.88,85.09, 1021.1
17.88,85.08, 1021.14
17.88,85.08, 1021.13
17.88,85.08, 1021.11
17.88,85.08, 1021.12
17.88,85.08, 1021.1
17.88,85.08, 1021.13
17.88,85.08, 1021.11
17.88,85.08, 1021.14
17.89,85.08, 1021.13
17.88,85.08, 1021.13
17.89,85.08, 1021.14
17.89,85.08, 1021.15
17.88,85.08, 1021.14
17.89,85.08, 1021.15
17.88,85.08, 1021.17
17.89,85.08, 1021.15
17.89,85.08, 1021.15
17.89,85.08, 1021.12
17.88,85.09, 1021.16
17.89,85.08, 1021.16
17.88,85.08, 1021.15
17.89,85.08, 1021.14
17.89,85.08, 1021.16
17.89,85.08, 1021.16
17.89,85.07, 1021.18
17.89,85.08, 1021.19
17.89,85.07, 1021.21
17.89,85.08, 1021.23
17.89,85.09, 1021.25
17.89,85.08, 1021.21
17.9,85.09, 1021.22
17.9,85.09, 1021.2
17.89,85.08, 1021.23
17.89,85.09, 1021.25
17.89,85.09, 1021.21
17.89,85.09, 1021.28
17.89,85.09, 1021.27
17.89,85.08, 1021.25
17.89,85.08, 1021.26
17.9,85.09, 1021.26
17.89,85.09, 1021.27
17.89,85.09, 1021.26
17.9,85.09, 1021.25
17.9,85.09, 1021.28
17.9,85.09, 1021.27
17.89,85.08, 1021.26
17.9,85.09, 1021.24
17.9,85.09, 1021.25
17.89,85.08, 1021.24
17.9,85.08, 1021.29
17.9,85.09, 1021.24
17.9,85.09, 1021.27
17.9,85.08, 1021.29
17.9,85.09, 1021.26
17.9,85.09, 1021.28
17.91,85.08, 1021.29
17.9,85.09, 1021.31
17.9,85.09, 1021.28
17.9,85.09, 1021.25
17.9,85.09, 1021.27
17.9,85.09, 1021.23
17.9,85.09, 1021.27
17.9,85.08, 1021.24
17.9,85.09, 1021.27
17.9,85.08, 1021.26
17.91,85.09, 1021.24
17.9,85.08, 1021.22
17.9,85.08, 1021.25
17.9,85.09, 1021.25
17.91,85.08, 1021.29
17.9,85.09, 1021.27
17.9,85.08, 1021.27
17.9,85.09, 1021.24
17.9,85.08, 1021.28
17.9,85.09, 1021.24
17.91,85.08, 1021.29
17.91,85.07, 1021.27
17.9,85.09, 1021.26
17.9,85.08, 1021.26
17.9,85.08, 1021.27
17.91,85.08, 1021.28
17.9,85.09, 1021.29
17.91,85.09, 1021.27
17.9,85.09, 1021.26
17.9,85.08, 1021.28
17.91,85.09, 1021.28
17.9,85.08, 1021.29
17.91,85.08, 1021.3
17.91,85.08, 1021.27
17.91,85.08, 1021.32
17.91,85.09, 1021.28
17.91,85.08, 1021.31
17.91,85.08, 1021.31
17.91,85.09, 1021.33
17.91,85.09, 1021.34
17.91,85.09, 1021.34
17.91,85.08, 1021.33
17.9,85.08, 1021.34
17.92,85.09, 1021.33
17.91,85.09, 1021.38
17.91,85.08, 1021.31
17.91,85.08, 1021.35
17.91,85.08, 1021.36
17.91,85.09, 1021.34
17.91,85.09, 1021.35
17.9,85.08, 1021.35
17.9,85.09, 1021.34
17.92,85.08, 1021.39
17.91,85.08, 1021.32
17.91,85.07, 1021.38
17.91,85.08, 1021.36
17.91,85.09, 1021.35
17.91,85.09, 1021.34
17.92,85.09, 1021.38
17.92,85.09, 1021.35
17.92,85.08, 1021.39
17.92,85.08, 1021.37
17.91,85.08, 1021.34
17.92,85.08, 1021.36
17.92,85.08, 1021.35
17.92,85.08, 1021.36
17.92,85.08, 1021.37
17.92,85.08, 1021.31
17.92,85.08, 1021.33
17.92,85.08, 1021.34
17.92,85.09, 1021.34
17.92,85.08, 1021.34
17.92,85.08, 1021.34
17.92,85.08, 1021.35
17.92,85.09, 1021.36
17.92,85.08, 1021.36
17.92,85.09, 1021.38
17.92,85.08, 1021.37
17.92,85.08, 1021.39
17.93,85.08, 1021.4
17.92,85.09, 1021.38
17.93,85.08, 1021.36
17.92,85.08, 1021.37
17.93,85.08, 1021.38
17.92,85.08, 1021.38
17.93,85.08, 1021.4
17.92,85.08, 1021.43
17.92,85.08, 1021.4
17.93,85.08, 1021.42
17.92,85.08, 1021.4
17.92,85.08, 1021.4
17.92,85.08, 1021.39
17.93,85.08, 1021.44
17.93,85.08, 1021.44
17.92,85.08, 1021.44
17.93,85.09, 1021.45
17.93,85.08, 1021.42
17.93,85.08, 1021.44
17.92,85.08, 1021.41
17.92,85.09, 1021.42
17.92,85.08, 1021.39
17.92,85.08, 1021.41
17.93,85.08, 1021.4
17.93,85.08, 1021.41
17.93,85.08, 1021.43
17.93,85.08, 1021.42
17.93,85.08, 1021.41
17.93,85.08, 1021.42
17.93,85.08, 1021.44
17.93,85.08, 1021.4
17.93,85.08, 1021.42
17.93,85.08, 1021.43
17.93,85.08, 1021.45
17.93,85.08, 1021.45
17.92,85.08, 1021.44
17.93,85.08, 1021.42
17.93,85.08, 1021.48
17.94,85.08, 1021.47
17.93,85.08, 1021.5
17.93,85.08, 1021.48
17.93,85.08, 1021.48
17.93,85.08, 1021.46
17.93,85.08, 1021.44
17.93,85.08, 1021.47
17.94,85.08, 1021.47
17.93,85.08, 1021.49
17.93,85.08, 1021.47
17.94,85.08, 1021.48
17.93,85.08, 1021.47
17.94,85.07, 1021.49
17.93,85.07, 1021.45
17.94,85.08, 1021.48
17.94,85.08, 1021.48
17.94,85.08, 1021.47
17.94,85.08, 1021.49
17.93,85.08, 1021.51
17.94,85.08, 1021.5
17.94,85.08, 1021.49
17.94,85.08, 1021.54
17.94,85.08, 1021.51
17.94,85.08, 1021.5
17.93,85.08, 1021.49
17.94,85.07, 1021.5
17.94,85.08, 1021.53
17.94,85.07, 1021.53
17.94,85.08, 1021.51
17.94,85.08, 1021.53
17.94,85.08, 1021.51
17.94,85.07, 1021.56
17.94,85.08, 1021.53
17.94,85.08, 1021.48
17.95,85.07, 1021.52
17.94,85.08, 1021.51
17.95,85.07, 1021.54
17.94,85.08, 1021.53
17.95,85.07, 1021.58
17.94,85.08, 1021.53
17.95,85.07, 1021.52
17.95,85.07, 1021.54
17.94,85.08, 1021.51
17.94,85.08, 1021.54
17.94,85.08, 1021.53
17.94,85.08, 1021.53
17.95,85.07, 1021.54
17.95,85.07, 1021.56
17.94,85.08, 1021.54
17.95,85.07, 1021.53
17.95,85.07, 1021.56
17.94,85.08, 1021.57
17.95,85.07, 1021.59
17.95,85.07, 1021.62
17.94,85.08, 1021.6
17.95,85.07, 1021.57
17.94,85.08, 1021.56
17.95,85.07, 1021.57
17.95,85.07, 1021.61
17.96,85.09, 1021.63
17.95,85.07, 1021.61
17.95,85.07, 1021.58
17.95,85.08, 1021.58
17.95,85.07, 1021.59
17.95,85.07, 1021.6
17.95,85.07, 1021.58
17.95,85.07, 1021.59
17.95,85.07, 1021.6
17.95,85.07, 1021.57
17.95,85.07, 1021.61
17.96,85.08, 1021.64
17.95,85.08, 1021.64
17.96,85.08, 1021.63
17.95,85.07, 1021.61
17.96,85.08, 1021.6
17.96,85.08, 1021.57
17.95,85.07, 1021.57
17.96,85.08, 1021.6
17.95,85.07, 1021.62
17.96,85.08, 1021.62
17.96,85.09, 1021.63
17.95,85.07, 1021.61
17.96,85.08, 1021.62
17.96,85.09, 1021.61
17.95,85.08, 1021.63
17.96,85.08, 1021.66
17.96,85.08, 1021.64
17.96,85.08, 1021.63
17.95,85.07, 1021.62
17.96,85.08, 1021.64
17.96,85.08, 1021.64
17.95,85.07, 1021.6
17.95,85.07, 1021.61
17.96,85.08, 1021.61
17.96,85.08, 1021.61
17.95,85.07, 1021.6
17.95,85.07, 1021.63
17.95,85.07, 1021.61
17.96,85.08, 1021.62
17.96,85.08, 1021.61
17.95,85.07, 1021.58
17.96,85.08, 1021.59
17.95,85.07, 1021.63
17.96,85.07, 1021.65
17.96,85.08, 1021.59
17.96,85.08, 1021.59
17.96,85.08, 1021.62
17.95,85.07, 1021.58
17.96,85.08, 1021.6
17.96,85.08, 1021.65
17.96,85.08, 1021.65
17.96,85.08, 1021.65
17.96,85.08, 1021.66
17.95,85.07, 1021.59
17.96,85.07, 1021.62
17.96,85.07, 1021.62
17.96,85.08, 1021.61
17.96,85.07, 1021.63
17.95,85.06, 1021.64
17.96,85.07, 1021.64
17.96,85.07, 1021.64
17.96,85.07, 1021.65
17.96,85.07, 1021.66
17.96,85.07, 1021.62
17.96,85.07, 1021.65
17.96,85.07, 1021.68
17.96,85.07, 1021.68
17.95,85.06, 1021.63
17.96,85.07, 1021.65
17.95,85.06, 1021.62
17.96,85.07, 1021.65
17.95,85.06, 1021.62
17.95,85.06, 1021.63
17.96,85.07, 1021.68
17.96,85.06, 1021.68
17.96,85.07, 1021.64
17.96,85.07, 1021.61
17.96,85.07, 1021.61
17.96,85.07, 1021.63
17.96,85.07, 1021.61
17.96,85.07, 1021.64
17.95,85.06, 1021.63
17.95,85.06, 1021.62
17.96,85.07, 1021.65
17.95,85.05, 1021.65
17.95,85.05, 1021.63
17.94,85.06, 1021.63
17.95,85.06, 1021.64
17.95,85.06, 1021.68
17.95,85.06, 1021.64
17.95,85.06, 1021.63
17.95,85.06, 1021.67
17.95,85.06, 1021.64
17.95,85.05, 1021.65
17.95,85.05, 1021.6
17.95,85.08, 1021.64
17.95,85.06, 1021.64
17.95,85.06, 1021.62
17.95,85.06, 1021.64
17.95,85.06, 1021.63
17.95,85.06, 1021.62
17.95,85.06, 1021.63
17.95,85.06, 1021.61
17.95,85.06, 1021.61
17.95,85.06, 1021.65
17.94,85.06, 1021.67
17.95,85.05, 1021.63
17.95,85.06, 1021.65
17.95,85.06, 1021.7
17.95,85.06, 1021.63
17.95,85.05, 1021.65
17.95,85.06, 1021.68
17.95,85.06, 1021.64
17.95,85.06, 1021.69
17.95,85.06, 1021.7
17.95,85.06, 1021.69
17.95,85.06, 1021.68
17.95,85.06, 1021.68
17.95,85.06, 1021.7
17.95,85.06, 1021.69
17.95,85.06, 1021.72
17.95,85.06, 1021.69
17.95,85.06, 1021.66
17.95,85.06, 1021.65
17.95,85.06, 1021.67
17.94,85.06, 1021.68
17.95,85.06, 1021.66
17.95,85.06, 1021.68
17.95,85.06, 1021.71
17.95,85.06, 1021.67
17.94,85.06, 1021.69
17.95,85.06, 1021.68
17.94,85.06, 1021.65
17.95,85.06, 1021.68
17.94,85.06, 1021.68
17.94,85.06, 1021.67
17.95,85.06, 1021.73
17.95,85.06, 1021.72
17.95,85.06, 1021.74
17.94,85.06, 1021.71
17.95,85.06, 1021.75
17.94,85.07, 1021.73
17.94,85.07, 1021.72
17.94,85.06, 1021.75
17.94,85.07, 1021.77
17.94,85.07, 1021.74
17.94,85.06, 1021.76
17.94,85.06, 1021.78
17.94,85.06, 1021.79
17.94,85.07, 1021.77
17.94,85.06, 1021.81
17.94,85.07, 1021.78
17.94,85.07, 1021.81
17.94,85.06, 1021.83
17.94,85.06, 1021.89
17.94,85.07, 1021.87
17.93,85.07, 1021.82
17.93,85.06, 1021.79
17.93,85.06, 1021.81
17.93,85.07, 1021.83
17.94,85.06, 1021.83
17.93,85.07, 1021.76
17.93,85.06, 1021.8
17.93,85.06, 1021.79
17.94,85.07, 1021.8
17.93,85.06, 1021.79
17.93,85.06, 1021.81
17.93,85.06, 1021.81
17.93,85.06, 1021.82
17.93,85.06, 1021.81
17.93,85.06, 1021.8
17.93,85.06, 1021.8
17.93,85.06, 1021.81
17.93,85.06, 1021.81
17.93,85.06, 1021.82
17.93,85.07, 1021.85
17.94,85.06, 1021.84
17.93,85.07, 1021.8
17.93,85.07, 1021.84
17.93,85.07, 1021.8
17.92,85.06, 1021.82
17.92,85.06, 1021.82
17.93,85.07, 1021.83
17.93,85.07, 1021.85
17.93,85.06, 1021.82
17.92,85.07, 1021.82
17.92,85.06, 1021.82
17.92,85.06, 1021.85
17.93,85.07, 1021.86
17.93,85.07, 1021.82
17.92,85.07, 1021.82
17.92,85.06, 1021.85
17.92,85.06, 1021.83
17.93,85.07, 1021.84
17.92,85.07, 1021.83
17.92,85.07, 1021.83
17.92,85.07, 1021.81
17.92,85.07, 1021.84
17.91,85.07, 1021.83
17.92,85.07, 1021.84
17.91,85.07, 1021.85
17.92,85.07, 1021.84
17.93,85.07, 1021.84
17.92,85.07, 1021.82
17.92,85.07, 1021.84
17.92,85.07, 1021.84
17.92,85.07, 1021.87
17.92,85.07, 1021.87
17.92,85.07, 1021.88
17.92,85.07, 1021.84
17.91,85.07, 1021.85
