
18.29, 84.97, 1028.91
18.29, 84.97, 1028.86
18.29, 84.96, 1028.81
18.3, 84.96, 1028.81
18.3, 84.96, 1028.86
18.3, 84.95, 1028.9
18.3, 84.95, 1028.85
18.3, 84.93, 1028.83
18.3, 84.93, 1028.85
18.3, 84.93, 1028.92
18.3, 84.92, 1028.84
18.3, 84.92, 1028.83
18.3, 84.91, 1028.87
18.3, 84.92, 1028.84
18.3, 84.91, 1028.82
18.3, 84.92, 1028.82
18.3, 84.91, 1028.85
18.3, 84.9, 1028.8
18.3, 84.91, 1028.84
18.31, 84.91, 1028.8
18.3, 84.9, 1028.78
18.3, 84.89, 1028.78
18.3, 84.91, 1028.82
18.3, 84.9, 1028.83
18.31, 84.9, 1028.82
18.3, 84.9, 1028.81
18.3, 84.9, 1028.79
18.3, 84.9, 1028.85
18.3, 84.9, 1028.86
18.3, 84.9, 1028.85
18.3, 84.9, 1028.83
18.3, 84.91, 1028.83
18.3, 84.89, 1028.85
18.3, 84.89, 1028.84
18.3, 84.89, 1028.83
18.3, 84.9, 1028.86
18.29, 84.89, 1028.85
18.29, 84.9, 1028.87
18.29, 84.9, 1028.84
18.29, 84.9, 1028.86
18.29, 84.9, 1028.83
18.3, 84.9, 1028.89
18.3, 84.9, 1028.84
18.29, 84.9, 1028.83
18.3, 84.9, 1028.85
18.3, 84.91, 1028.86
18.29, 84.91, 1028.84
18.29, 84.91, 1028.85
18.28, 84.91, 1028.83
18.29, 84.91, 1028.85
18.29, 84.91, 1028.83
18.29, 84.91, 1028.92
18.29, 84.92, 1028.91
18.29, 84.92, 1028.87
18.29, 84.92, 1028.96
18.29, 84.92, 1028.94
18.29, 84.92, 1028.88
18.28, 84.92, 1028.9
18.28, 84.93, 1028.9
18.28, 84.92, 1028.89
18.28, 84.93, 1028.85
18.29, 84.93, 1028.95
18.29, 84.93, 1028.93
18.28, 84.93, 1028.95
18.28, 84.93, 1028.94
18.29, 84.93, 1028.96
18.29, 84.93, 1028.91
18.28, 84.93, 1028.88
18.28, 84.94, 1028.94
18.28, 84.94, 1028.97
18.28, 84.94, 1028.93
18.28, 84.94, 1028.93
18.28, 84.94, 1028.93
18.27, 84.94, 1028.93
18.27, 84.95, 1028.9
18.28, 84.95, 1028.93
18.27, 84.95, 1028.94
18.28, 84.95, 1028.92
18.28, 84.95, 1028.94
18.28, 84.95, 1028.97
18.28, 84.95, 1028.91
18.27, 84.95, 1028.92
18.27, 84.95, 1028.93
18.27, 84.95, 1028.92
18.27, 84.96, 1028.92
18.27, 84.95, 1028.96
18.28, 84.96, 1028.98
18.27, 84.96, 1028.93
18.27, 84.96, 1028.94
18.27, 84.96, 1028.94
18.27, 84.96, 1028.94
18.27, 84.96, 1028.93
18.27, 84.96, 1028.97
18.26, 84.97, 1028.97
18.26, 84.97, 1028.9
18.27, 84.97, 1028.96
18.27, 84.96, 1028.95
18.27, 84.97, 1028.93
18.27, 84.97, 1028.93
18.27, 84.97, 1028.94
18.27, 84.97, 1028.94
18.27, 84.97, 1028.92
18.27, 84.97, 1028.96
18.27, 84.97, 1028.99
18.27, 84.97, 1028.97
18.26, 84.98, 1028.95
18.27, 84.97, 1028.95
18.27, 84.97, 1028.97
18.27, 84.97, 1028.99
18.27, 84.97, 1028.94
18.27, 84.98, 1028.94
18.27, 84.98, 1028.98
18.27, 84.98, 1028.93
18.26, 84.98, 1028.92
18.26, 84.98, 1028.95
18.26, 84.98, 1028.95
18.26, 84.98, 1028.89
18.26, 84.98, 1028.93
18.26, 84.99, 1028.89
18.26, 84.98, 1028.88
18.26, 84.99, 1028.91
18.26, 84.99, 1028.88
18.26, 84.99, 1028.89
18.26, 84.99, 1028.93
18.26, 84.98, 1028.89
18.26, 84.99, 1028.87
18.26, 84.99, 1028.88
18.26, 84.99, 1028.89
18.26, 84.99, 1028.86
18.27, 84.99, 1028.88
18.26, 84.99, 1028.91
18.26, 84.99, 1028.93
18.26, 84.99, 1028.93
18.25, 84.99, 1028.91
18.26, 84.99, 1028.96
18.26, 84.99, 1028.97
18.25, 85.0, 1028.94
18.26, 84.99, 1028.97
18.26, 85.0, 1029.01
18.25, 85.0, 1028.95
18.26, 85.0, 1028.9
18.26, 85.0, 1028.93
18.26, 85.0, 1028.94
18.25, 85.0, 1028.96
18.26, 85.0, 1028.96
18.25, 85.0, 1028.92
18.25, 85.0, 1028.93
18.25, 85.0, 1028.92
18.25, 85.0, 1028.89
18.25, 85.0, 1028.93
18.25, 85.0, 1028.93
18.25, 85.0, 1028.95
18.25, 85.0, 1028.98
18.25, 85.0, 1028.94
18.25, 85.0, 1028.96
18.25, 85.0, 1028.98
18.24, 85.0, 1028.95
18.25, 85.0, 1028.99
18.25, 85.0, 1028.97
18.25, 85.0, 1029.0
18.25, 85.0, 1028.99
18.24, 85.0, 1028.98
18.25, 85.0, 1028.97
18.25, 85.0, 1028.97
18.25, 85.0, 1028.98
18.25, 85.0, 1028.96
18.25, 85.0, 1028.96
18.25, 85.0, 1028.92
18.25, 85.0, 1028.94
18.25, 85.0, 1028.96
18.25, 85.0, 1028.96
18.24, 85.0, 1028.92
18.24, 85.0, 1028.96
18.24, 85.0, 1028.95
18.24, 85.0, 1028.91
18.25, 85.0, 1028.94
18.25, 85.0, 1028.93
18.24, 85.0, 1028.91
18.24, 85.0, 1028.94
18.25, 85.0, 1028.94
18.25, 85.0, 1028.96
18.24, 85.0, 1028.97
18.25, 85.0, 1028.96
18.24, 85.0, 1028.93
18.24, 85.0, 1028.96
18.24, 85.0, 1028.96
18.24, 85.0, 1028.94
18.24, 85.0, 1028.93
18.24, 85.0, 1028.9
18.24, 85.0, 1028.93
18.24, 85.0, 1028.94
18.24, 85.0, 1028.94
18.24, 85.0, 1028.93
18.24, 85.0, 1028.91
18.24, 85.0, 1028.91
18.24, 85.0, 1028.93
18.24, 85.0, 1028.94
18.24, 85.0, 1028.97
18.24, 85.0, 1028.96
18.24, 85.0, 1028.93
18.24, 85.0, 1028.92
18.24, 85.0, 1028.92
18.24, 85.0, 1028.92
18.24, 85.0, 1028.92
18.24, 85.0, 1028.93
18.23, 84.99, 1028.91
18.24, 85.0, 1028.92
18.24, 85.0, 1028.9
18.24, 85.0, 1028.87
18.24, 85.0, 1028.89
18.23, 84.99, 1028.89
18.24, 85.0, 1028.92
18.24, 85.0, 1028.94
18.24, 85.0, 1028.95
18.24, 85.0, 1028.95
18.23, 84.99, 1028.93
18.24, 85.0, 1028.91
18.24, 85.0, 1028.89
18.24, 85.0, 1028.87
18.23, 84.99, 1028.84
18.24, 85.0, 1028.86
18.23, 84.99, 1028.85
18.23, 84.99, 1028.85
18.23, 84.99, 1028.84
18.24, 85.0, 1028.86
18.24, 85.0, 1028.86
18.24, 85.0, 1028.84
18.24, 85.0, 1028.86
18.24, 85.0, 1028.85
18.23, 84.99, 1028.8
18.24, 85.0, 1028.86
18.23, 84.99, 1028.82
18.23, 84.99, 1028.83
18.23, 84.99, 1028.83
18.24, 85.0, 1028.85
18.23, 84.99, 1028.84
18.24, 85.0, 1028.85
18.24, 84.99, 1028.85
18.24, 85.0, 1028.83
18.23, 84.99, 1028.82
18.23, 84.99, 1028.84
18.23, 84.99, 1028.79
18.24, 85.0, 1028.84
18.23, 84.99, 1028.81
18.23, 84.99, 1028.86
18.23, 84.98, 1028.87
18.23, 84.98, 1028.85
18.23, 84.99, 1028.82
18.23, 84.99, 1028.86
18.23, 84.99, 1028.83
18.23, 84.99, 1028.79
18.23, 84.99, 1028.85
18.23, 84.99, 1028.86
18.24, 84.99, 1028.9
18.23, 84.99, 1028.84
18.24, 85.0, 1028.86
18.24, 85.0, 1028.87
18.24, 85.0, 1028.86
18.24, 85.0, 1028.87
18.23, 84.99, 1028.87
18.23, 84.99, 1028.82
18.23, 84.99, 1028.85
18.23, 84.99, 1028.88
18.23, 84.99, 1028.88
18.23, 84.99, 1028.9
18.23, 84.99, 1028.88
18.23, 84.99, 1028.87
18.23, 84.99, 1028.87
18.23, 84.99, 1028.9
18.23, 84.99, 1028.89
18.23, 84.99, 1028.87
18.23, 84.99, 1028.88
18.23, 84.99, 1028.88
18.23, 84.99, 1028.89
18.23, 84.99, 1028.91
18.23, 84.99, 1028.92
18.23, 84.99, 1028.9
18.23, 84.99, 1028.9
18.22, 84.99, 1028.89
18.23, 84.99, 1028.9
18.23, 84.99, 1028.93
18.22, 84.99, 1028.92
18.22, 84.99, 1028.89
18.23, 84.99, 1028.92
18.22, 84.99, 1028.88
18.22, 84.99, 1028.86
18.22, 84.99, 1028.86
18.22, 84.99, 1028.86
18.23, 84.99, 1028.84
18.23, 84.99, 1028.88
18.23, 84.99, 1028.85
18.23, 84.99, 1028.83
18.22, 84.99, 1028.8
18.22, 84.99, 1028.82
18.22, 84.99, 1028.83
18.23, 84.99, 1028.84
18.22, 84.99, 1028.8
18.22, 84.99, 1028.8
18.23, 84.99, 1028.84
18.23, 84.99, 1028.81
18.23, 84.99, 1028.84
18.22, 84.99, 1028.86
18.22, 84.99, 1028.86
18.22, 84.99, 1028.84
18.22, 84.99, 1028.86
18.22, 84.99, 1028.88
18.22, 84.99, 1028.88
18.22, 84.99, 1028.87
18.22, 84.99, 1028.85
18.22, 84.99, 1028.8
18.22, 84.98, 1028.86
18.22, 84.99, 1028.84
18.22, 84.99, 1028.84
18.22, 84.99, 1028.83
18.22, 84.99, 1028.84
18.23, 84.99, 1028.84
18.21, 84.99, 1028.85
18.22, 84.99, 1028.81
18.21, 84.99, 1028.82
18.22, 84.99, 1028.85
18.22, 84.99, 1028.82
18.22, 84.99, 1028.82
18.22, 84.99, 1028.81
18.22, 84.99, 1028.8
18.22, 84.99, 1028.78
18.22, 84.99, 1028.79
18.22, 84.99, 1028.8
18.22, 84.99, 1028.86
18.22, 84.99, 1028.81
18.23, 84.99, 1028.84
18.23, 84.99, 1028.82
18.22, 84.99, 1028.86
18.22, 84.99, 1028.84
18.22, 84.99, 1028.82
18.22, 84.99, 1028.79
18.22, 84.99, 1028.8
18.23, 84.99, 1028.8
18.22, 84.99, 1028.84
18.22, 84.99, 1028.83
18.22, 84.99, 1028.76
18.22, 84.99, 1028.8
18.22, 84.99, 1028.81
18.22, 84.99, 1028.86
18.22, 84.99, 1028.79
18.22, 84.99, 1028.83
18.21, 84.98, 1028.84
18.22, 84.98, 1028.8
18.21, 84.98, 1028.82
18.22, 84.99, 1028.84
18.21, 84.98, 1028.76
18.21, 84.99, 1028.8
18.22, 84.98, 1028.76
18.22, 84.98, 1028.75
18.22, 84.98, 1028.79
18.21, 84.99, 1028.77
18.22, 84.98, 1028.84
18.21, 84.99, 1028.8
18.22, 84.98, 1028.9
18.22, 84.99, 1028.79
18.21, 84.98, 1028.79
18.22, 84.98, 1028.78
18.21, 84.98, 1028.77
18.21, 84.98, 1028.8
18.21, 84.98, 1028.75
18.21, 84.98, 1028.76
18.22, 84.98, 1028.8
18.21, 84.98, 1028.8
18.21, 84.98, 1028.78
18.22, 84.99, 1028.77
18.22, 84.98, 1028.75
18.21, 84.98, 1028.77
18.21, 84.98, 1028.76
18.22, 84.99, 1028.84
18.21, 84.99, 1028.82
18.22, 84.99, 1028.83
18.22, 84.99, 1028.86
18.22, 84.98, 1028.81
18.21, 84.99, 1028.81
18.22, 84.99, 1028.87
18.22, 84.98, 1028.82
18.22, 84.98, 1028.84
18.22, 84.99, 1028.85
18.21, 84.99, 1028.85
18.21, 84.99, 1028.85
18.21, 84.98, 1028.85
18.21, 84.98, 1028.84
18.22, 84.98, 1028.82
18.22, 84.98, 1028.87
18.22, 84.98, 1028.86
18.21, 84.98, 1028.85
18.21, 84.98, 1028.85
18.22, 84.98, 1028.81
18.21, 84.98, 1028.9
18.21, 84.98, 1028.88
18.21, 84.98, 1028.86
18.21, 84.98, 1028.9
18.21, 84.98, 1028.87
18.21, 84.97, 1028.85
18.22, 84.98, 1028.85
18.21, 84.98, 1028.82
18.21, 84.98, 1028.87
18.21, 84.98, 1028.85
18.22, 84.98, 1028.85
18.21, 84.98, 1028.84
18.21, 84.98, 1028.85
18.22, 84.98, 1028.89
18.2, 84.98, 1028.81
18.21, 84.98, 1028.85
18.21, 84.98, 1028.86
18.21, 84.97, 1028.88
18.22, 84.98, 1028.88
18.21, 84.97, 1028.93
18.21, 84.97, 1028.92
18.21, 84.98, 1028.93
18.21, 84.97, 1028.9
18.21, 84.97, 1028.9
18.21, 84.97, 1028.9
18.21, 84.97, 1028.9
18.21, 84.97, 1028.89
18.21, 84.97, 1028.88
18.2, 84.97, 1028.87
18.21, 84.97, 1028.88
18.2, 84.97, 1028.87
18.21, 84.97, 1028.9
18.21, 84.98, 1028.95
18.21, 84.97, 1028.93
18.21, 84.98, 1028.9
18.22, 84.97, 1028.93
18.21, 84.97, 1028.96
18.21, 84.97, 1029.06
18.21, 84.97, 1029.01
18.21, 84.98, 1029.07
18.22, 84.98, 1029.01
18.22, 84.97, 1028.96
18.21, 84.97, 1028.92
18.22, 84.97, 1028.94
18.21, 84.97, 1028.97
18.21, 84.97, 1028.96
18.21, 84.97, 1028.97
18.21, 84.98, 1029.03
18.21, 84.97, 1028.99
18.21, 84.97, 1028.98
18.2, 84.97, 1028.9
18.2, 84.97, 1028.95
18.21, 84.97, 1028.98
18.2, 84.97, 1028.97
18.21, 84.97, 1028.96
18.21, 84.97, 1029.02
18.2, 84.97, 1028.96
18.21, 84.96, 1029.0
18.2, 84.97, 1029.01
18.21, 84.97, 1029.11
18.2, 84.97, 1029.05
18.2, 84.97, 1029.01
18.2, 84.97, 1029.13
18.2, 84.97, 1029.05
18.2, 84.98, 1029.17
18.2, 84.97, 1029.06
18.2, 84.97, 1029.05
18.2, 84.97, 1029.0
18.2, 84.97, 1028.96
18.2, 84.97, 1029.03
18.2, 84.97, 1028.94
18.2, 84.96, 1029.0
18.19, 84.96, 1029.01
18.2, 84.97, 1028.98
18.19, 84.97, 1028.99
18.19, 84.97, 1029.0
18.2, 84.97, 1029.06
18.2, 84.97, 1029.04
18.19, 84.96, 1029.02
18.19, 84.97, 1029.01
18.19, 84.96, 1029.03
18.19, 84.96, 1028.99
18.19, 84.97, 1029.01
18.2, 84.97, 1028.99
18.19, 84.97, 1029.0
18.2, 84.96, 1029.02
18.2, 84.97, 1029.01
18.19, 84.97, 1029.01
18.19, 84.96, 1029.0
18.19, 84.96, 1029.0
18.19, 84.97, 1029.04
18.19, 84.97, 1029.0
18.19, 84.97, 1028.98
18.19, 84.96, 1028.99
18.19, 84.96, 1028.94
18.19, 84.97, 1028.99
18.19, 84.96, 1029.03
18.19, 84.96, 1029.07
18.19, 84.96, 1029.0
18.19, 84.97, 1028.96
18.19, 84.96, 1028.97
18.19, 84.96, 1028.97
18.19, 84.98, 1028.97
18.19, 84.97, 1029.05
18.19, 84.98, 1029.02
18.19, 84.98, 1029.0
18.19, 84.96, 1029.03
18.19, 84.96, 1028.99
18.19, 84.97, 1029.09
18.19, 84.98, 1029.09
18.19, 84.98, 1029.08
18.19, 84.96, 1029.02
18.19, 84.96, 1029.06
18.19, 84.98, 1029.13
18.18, 84.97, 1029.04
18.19, 84.96, 1029.09
18.19, 84.98, 1029.13
18.19, 84.98, 1029.15
18.18, 84.97, 1029.16
18.18, 84.97, 1029.06
18.18, 84.96, 1029.04
18.19, 84.98, 1029.03
18.18, 84.96, 1029.02
18.18, 84.96, 1029.01
18.18, 84.96, 1028.99
18.18, 84.97, 1029.06
18.18, 84.97, 1029.04
18.19, 84.96, 1028.99
18.18, 84.97, 1029.01
18.18, 84.96, 1028.97
18.18, 84.97, 1028.98
18.18, 84.97, 1029.01
18.18, 84.97, 1028.98
18.18, 84.97, 1029.04
18.17, 84.97, 1029.01
18.18, 84.97, 1028.98
18.17, 84.97, 1029.0
18.17, 84.97, 1028.97
18.18, 84.97, 1028.94
18.17, 84.97, 1028.93
18.18, 84.97, 1028.95
18.17, 84.97, 1028.94
18.17, 84.97, 1028.92
18.18, 84.97, 1029.03
18.18, 84.97, 1028.99
18.17, 84.97, 1028.99
18.18, 84.97, 1029.0
18.18, 84.97, 1028.96
18.17, 84.97, 1028.94
18.18, 84.97, 1028.99
18.18, 84.97, 1028.95
18.17, 84.97, 1028.95
18.18, 84.97, 1028.97
18.17, 84.98, 1028.95
18.17, 84.98, 1028.96
18.18, 84.97, 1028.93
18.17, 84.98, 1028.96
18.18, 84.97, 1028.94
18.17, 84.98, 1028.95
18.17, 84.97, 1028.94
18.17, 84.97, 1028.94
18.17, 84.98, 1028.95
18.17, 84.98, 1028.94
18.17, 84.98, 1028.94
18.16, 84.98, 1028.89
18.17, 84.98, 1028.96
18.17, 84.98, 1028.95
18.16, 84.98, 1028.92
18.17, 84.98, 1028.94
18.17, 84.98, 1028.93
18.17, 84.98, 1028.94
18.17, 84.98, 1028.92
18.17, 84.98, 1028.93
18.17, 84.98, 1028.94
18.17, 84.98, 1028.92
18.16, 84.98, 1028.9
18.17, 84.98, 1028.9
18.17, 84.98, 1028.93
18.16, 84.98, 1028.93
18.17, 84.98, 1028.99
18.17, 84.98, 1028.98
18.16, 84.98, 1029.01
18.17, 84.98, 1028.98
18.16, 84.98, 1028.99
18.17, 84.98, 1028.96
18.16, 84.98, 1028.95
18.17, 84.98, 1028.97
18.16, 84.98, 1028.93
18.16, 84.98, 1028.95
18.16, 84.98, 1028.96
18.17, 84.98, 1028.97
18.17, 84.98, 1028.96
18.16, 84.98, 1028.89
18.17, 84.98, 1028.92
18.17, 84.98, 1029.0
18.17, 84.98, 1028.88
18.17, 84.98, 1029.06
18.16, 84.98, 1029.03
18.17, 84.98, 1028.97
18.16, 84.98, 1029.0
18.16, 84.98, 1029.01
18.17, 84.98, 1029.05
18.17, 84.98, 1029.0
18.16, 84.98, 1028.98
18.17, 84.98, 1029.07
18.16, 84.98, 1029.1
18.16, 84.98, 1029.06
18.17, 84.99, 1029.02
18.17, 84.98, 1029.01
18.16, 84.99, 1028.99
18.16, 84.98, 1028.99
18.16, 84.98, 1028.98
18.16, 84.98, 1028.95
18.16, 84.98, 1028.99
18.16, 84.98, 1028.96
18.16, 84.98, 1028.96
18.16, 84.98, 1028.97
18.16, 84.98, 1029.0
18.16, 84.98, 1029.0
18.16, 84.98, 1029.01
18.16, 84.98, 1028.97
18.16, 84.98, 1028.93
18.16, 84.98, 1028.96
18.16, 84.98, 1028.95
18.16, 84.98, 1028.96
18.16, 84.98, 1028.99
18.16, 84.98, 1028.96
18.16, 84.98, 1029.0
18.16, 84.98, 1028.96
18.16, 84.98, 1029.0
18.16, 84.98, 1028.93
18.16, 84.98, 1028.96
18.15, 84.98, 1028.91
18.16, 84.99, 1028.93
18.15, 84.98, 1028.94
18.16, 84.99, 1028.94
18.16, 84.99, 1028.98
18.16, 84.99, 1028.93
18.15, 84.99, 1028.95
18.16, 84.98, 1028.99
18.15, 84.99, 1028.95
18.16, 84.99, 1028.97
18.15, 84.99, 1028.94
18.16, 84.99, 1028.97
18.16, 84.99, 1028.95
18.15, 84.99, 1028.96
18.16, 84.99, 1028.99
18.15, 84.99, 1028.91
18.16, 84.99, 1028.9
18.16, 84.99, 1028.9
18.16, 84.99, 1028.91
18.15, 84.99, 1028.87
18.16, 84.99, 1028.92
18.15, 84.99, 1028.88
18.16, 84.99, 1028.93
18.16, 84.99, 1028.93
18.15, 84.99, 1028.92
18.16, 84.99, 1028.92
18.16, 84.99, 1028.92
18.15, 84.99, 1028.91
18.16, 84.99, 1028.92
18.15, 84.99, 1028.92
18.15, 84.98, 1028.91
18.15, 84.99, 1028.87
18.15, 84.99, 1028.9
18.15, 84.99, 1028.88
18.15, 84.99, 1028.88
18.15, 84.99, 1028.9
18.16, 84.99, 1028.9
18.16, 84.98, 1028.89
18.15, 84.99, 1028.89
18.16, 84.99, 1028.9
18.16, 84.99, 1028.89
18.15, 84.99, 1028.9
18.15, 84.99, 1028.9
18.15, 84.99, 1028.89
18.15, 84.98, 1028.86
18.15, 84.99, 1028.89
18.15, 84.98, 1028.89
18.15, 84.98, 1028.95
18.16, 84.99, 1028.9
18.15, 84.99, 1028.92
18.15, 84.99, 1028.92
18.15, 84.98, 1028.9
18.14, 84.99, 1028.91
18.15, 84.98, 1028.91
18.15, 84.99, 1028.98
18.15, 84.99, 1028.97
18.15, 84.99, 1028.92
18.15, 84.98, 1028.92
18.15, 84.98, 1028.89
18.15, 84.98, 1028.99
18.15, 84.99, 1028.97
18.15, 84.98, 1029.01
18.15, 84.98, 1028.98
18.15, 84.98, 1028.95
18.15, 84.98, 1028.99
18.15, 84.98, 1029.01
18.15, 84.98, 1028.99
18.15, 84.99, 1029.04
18.15, 84.99, 1029.0
18.15, 84.98, 1029.0
18.16, 84.98, 1029.01
18.14, 84.98, 1028.98
18.15, 84.98, 1028.98
18.14, 84.99, 1028.99
18.14, 84.99, 1029.0
18.15, 84.99, 1029.04
18.14, 84.99, 1029.16
18.14, 84.98, 1029.14
18.15, 84.99, 1029.09
18.14, 84.98, 1029.01
18.14, 84.98, 1029.06
18.14, 84.98, 1029.09
18.15, 84.99, 1029.08
18.15, 84.99, 1029.02
18.14, 84.98, 1029.07
18.14, 84.98, 1029.05
18.14, 84.98, 1029.03
18.14, 84.98, 1029.05
18.14, 84.98, 1029.03
18.14, 84.99, 1029.0
18.14, 84.98, 1029.07
18.14, 84.99, 1029.04
18.14, 84.99, 1029.03
18.14, 84.98, 1029.03
18.15, 84.99, 1029.02
18.14, 84.98, 1029.0
18.14, 84.99, 1028.98
18.14, 84.99, 1028.97
18.14, 84.99, 1028.99
18.15, 84.99, 1029.01
18.15, 84.99, 1029.01
18.15, 84.99, 1029.02
18.15, 84.99, 1029.0
18.14, 84.99, 1028.99
18.14, 84.99, 1029.04
18.15, 84.99, 1029.07
18.14, 84.99, 1029.05
18.14, 84.99, 1029.06
18.14, 84.99, 1029.06
18.14, 84.99, 1029.07
18.14, 84.99, 1029.08
18.14, 84.99, 1029.01
18.14, 84.99, 1028.96
18.14, 84.99, 1028.99
18.14, 84.99, 1029.08
18.14, 84.99, 1029.03
18.13, 85.0, 1029.0
18.14, 85.0, 1029.04
18.14, 84.99, 1028.98
18.13, 85.0, 1029.03
18.14, 84.99, 1029.0
18.13, 85.0, 1029.0
18.13, 85.0, 1029.07
18.14, 85.0, 1029.02
18.13, 85.0, 1029.01
18.13, 85.0, 1029.03
18.13, 85.0, 1029.01
18.14, 84.99, 1028.94
18.13, 85.0, 1028.93
18.14, 85.0, 1028.97
18.14, 84.99, 1028.99
18.13, 85.0, 1028.98
18.14, 84.99, 1029.04
18.13, 85.0, 1029.05
18.14, 85.0, 1029.05
18.13, 85.0, 1029.05
18.14, 85.0, 1029.06
18.13, 84.98, 1029.08
18.13, 85.0, 1029.03
18.14, 85.0, 1029.02
18.13, 85.0, 1029.03
18.14, 85.0, 1029.05
18.14, 84.99, 1029.09
18.14, 85.0, 1029.07
18.14, 85.0, 1029.04
18.14, 85.0, 1029.08
18.13, 85.01, 1029.06
18.13, 85.0, 1029.05
18.13, 85.0, 1029.07
18.14, 85.0, 1029.11
18.14, 85.0, 1029.06
18.14, 85.0, 1029.08
18.14, 84.99, 1029.09
18.14, 85.0, 1029.03
18.14, 85.0, 1029.05
18.14, 85.0, 1029.09
18.14, 85.0, 1029.11
18.13, 85.01, 1029.06
18.14, 85.0, 1029.05
18.13, 85.01, 1029.06
18.14, 85.0, 1029.09
18.14, 85.0, 1029.09
18.13, 85.0, 1029.1
18.13, 85.0, 1029.09
18.14, 85.0, 1029.09
18.14, 85.0, 1029.09
18.13, 85.01, 1029.06
18.14, 85.0, 1029.11
18.14, 85.0, 1029.1
18.14, 85.0, 1029.14
18.14, 85.0, 1029.08
18.14, 85.0, 1029.13
18.14, 85.0, 1029.14
18.13, 85.01, 1029.12
18.14, 85.0, 1029.13
18.13, 84.99, 1029.04
18.13, 85.01, 1029.06
18.13, 85.0, 1029.09
18.13, 85.01, 1029.12
18.13, 85.01, 1029.05
18.14, 85.0, 1029.11
18.13, 85.01, 1029.08
18.14, 85.01, 1029.1
18.13, 85.0, 1029.07
18.13, 85.01, 1029.09
18.13, 85.01, 1029.09
18.13, 85.01, 1029.13
18.13, 85.0, 1029.07
18.13, 85.0, 1029.05
18.14, 85.0, 1029.04
18.13, 85.01, 1029.06
18.14, 85.0, 1029.06
18.14, 85.0, 1029.01
18.13, 85.01, 1029.02
18.14, 85.0, 1029.05
18.14, 85.0, 1029.02
18.14, 85.0, 1028.98
18.14, 85.0, 1029.0
18.13, 85.01, 1028.95
18.13, 85.01, 1029.0
18.13, 85.01, 1028.99
18.13, 85.01, 1029.0
18.13, 85.0, 1029.0
18.14, 85.0, 1029.0
18.14, 85.0, 1028.96
18.14, 85.0, 1029.0
18.14, 85.0, 1028.96
18.13, 85.0, 1028.96
18.13, 85.01, 1028.99
18.13, 85.0, 1028.94
18.14, 85.0, 1028.99
18.14, 85.0, 1028.97
18.14, 85.01, 1028.96
18.13, 85.01, 1028.98
18.14, 85.0, 1028.96
18.14, 85.0, 1028.98
18.13, 85.0, 1028.98
18.14, 85.0, 1028.97
18.15, 85.0, 1028.98
18.14, 85.0, 1028.98
18.14, 85.0, 1028.98
18.14, 85.0, 1029.0
18.14, 85.0, 1028.96
18.14, 85.0, 1028.98
18.14, 85.0, 1028.98
18.14, 85.0, 1029.05
18.14, 85.0, 1028.99
18.14, 85.0, 1028.96
18.14, 85.0, 1028.95
18.14, 85.0, 1028.99
18.14, 85.0, 1028.96
18.14, 85.0, 1028.94
18.14, 85.0, 1028.94
18.14, 85.0, 1028.98
18.14, 85.0, 1028.99
18.14, 85.0, 1029.01
18.14, 85.0, 1029.02
18.14, 85.0, 1028.98
18.14, 85.0, 1029.0
18.14, 85.0, 1029.05
18.14, 84.99, 1029.02
18.14, 85.0, 1029.03
18.14, 84.99, 1029.0
18.14, 84.99, 1029.0
18.14, 84.99, 1028.99
18.14, 85.0, 1029.02
18.14, 85.0, 1028.99
18.15, 84.99, 1029.04
18.14, 84.99, 1028.98
18.14, 85.0, 1029.02
18.14, 84.99, 1029.0
18.14, 84.99, 1028.95
18.14, 84.99, 1028.96
18.14, 84.99, 1028.96
18.14, 84.99, 1028.98
18.14, 84.99, 1029.01
18.15, 84.99, 1028.96
18.14, 84.99, 1028.97
18.14, 84.99, 1028.97
18.15, 84.99, 1028.97
18.15, 84.99, 1028.91
18.15, 84.99, 1028.98
18.15, 84.99, 1028.97
18.14, 84.99, 1028.95
18.14, 84.99, 1028.93
18.15, 84.99, 1028.96
18.15, 84.99, 1028.97
18.14, 84.98, 1028.93
18.15, 84.99, 1028.93
18.15, 84.99, 1028.92
18.14, 84.99, 1028.92
18.14, 84.99, 1028.93
18.15, 84.99, 1028.93
18.15, 84.98, 1028.91
18.15, 84.99, 1028.95
18.14, 84.98, 1028.88
18.15, 84.99, 1028.92
18.14, 84.98, 1028.92
18.15, 84.99, 1028.9
18.14, 84.98, 1028.9
18.15, 84.98, 1028.9
18.14, 84.98, 1028.85
18.15, 84.98, 1028.88
18.14, 84.98, 1028.85
18.14, 84.98, 1028.85
18.15, 84.98, 1028.85
18.15, 84.98, 1028.86
18.14, 84.98, 1028.86
18.15, 84.98, 1028.84
18.14, 84.98, 1028.83
18.15, 84.99, 1028.89
18.15, 84.98, 1028.87
18.15, 84.98, 1028.87
18.16, 84.98, 1028.91
18.15, 84.98, 1028.92
18.15, 84.98, 1028.93
18.15, 84.98, 1028.85
18.15, 84.98, 1028.82
18.14, 84.98, 1028.78
18.15, 84.98, 1028.8
18.15, 84.97, 1028.8
18.15, 84.98, 1028.82
18.15, 84.98, 1028.8
18.15, 84.98, 1028.83
18.15, 84.98, 1028.79
18.15, 84.98, 1028.82
18.15, 84.97, 1028.82
18.15, 84.97, 1028.82
18.15, 84.97, 1028.81
18.15, 84.98, 1028.82
18.15, 84.97, 1028.83
18.15, 84.97, 1028.8
18.15, 84.98, 1028.86
18.15, 84.97, 1028.86
18.15, 84.97, 1028.9
18.15, 84.97, 1028.84
18.14, 84.97, 1028.84
18.15, 84.97, 1028.81
18.15, 84.98, 1028.83
18.15, 84.97, 1028.86
18.15, 84.97, 1028.87
18.15, 84.98, 1028.87
18.16, 84.98, 1028.89
18.15, 84.97, 1028.89
18.16, 84.97, 1028.97
18.16, 84.98, 1028.94
18.15, 84.97, 1028.93
18.16, 84.97, 1028.93
18.16, 84.97, 1028.95
18.15, 84.97, 1028.96
18.16, 84.97, 1028.95
18.16, 84.97, 1028.92
18.16, 84.97, 1028.92
18.15, 84.97, 1028.91
18.15, 84.97, 1028.93
18.16, 84.97, 1028.97
18.16, 84.97, 1028.94
18.16, 84.97, 1028.95
18.16, 84.97, 1028.92
18.16, 84.97, 1028.94
18.16, 84.97, 1028.92
18.16, 84.96, 1028.93
18.16, 84.97, 1028.93
18.16, 84.96, 1028.95
18.16, 84.97, 1028.96
18.16, 84.97, 1028.95
18.16, 84.97, 1028.95
18.15, 84.97, 1028.93
18.15, 84.97, 1028.95
18.16, 84.97, 1028.91
18.16, 84.96, 1028.89
18.15, 84.97, 1028.9
18.16, 84.97, 1028.91
18.16, 84.96, 1028.89
18.15, 84.96, 1028.93
18.15, 84.97, 1028.89
18.16, 84.96, 1028.92
18.16, 84.96, 1028.95
18.16, 84.96, 1028.93
18.16, 84.97, 1028.9
18.16, 84.97, 1028.95
18.16, 84.97, 1028.92
18.16, 84.96, 1028.93
18.17, 84.97, 1028.91
18.16, 84.96, 1028.89
18.16, 84.96, 1028.91
18.16, 84.96, 1028.89
18.16, 84.96, 1028.94
18.17, 84.96, 1028.88
18.16, 84.96, 1028.88
18.16, 84.96, 1028.89
18.16, 84.96, 1028.86
18.16, 84.96, 1028.88
18.16, 84.96, 1028.86
18.16, 84.96, 1028.84
18.16, 84.96, 1028.84
18.16, 84.96, 1028.83
18.17, 84.96, 1028.86
18.16, 84.96, 1028.85
18.17, 84.96, 1028.85
18.17, 84.96, 1028.89
18.16, 84.96, 1028.84
18.16, 84.96, 1028.84
18.16, 84.96, 1028.81
18.16, 84.96, 1028.82
18.17, 84.96, 1028.81
18.16, 84.96, 1028.8
18.16, 84.96, 1028.82
18.16, 84.95, 1028.81
18.17, 84.96, 1028.82
18.16, 84.96, 1028.81
18.17, 84.96, 1028.81
18.16, 84.96, 1028.81
18.17, 84.96, 1028.81
18.16, 84.96, 1028.79
18.17, 84.96, 1028.86
18.17, 84.96, 1028.81
18.16, 84.95, 1028.8
18.17, 84.96, 1028.78
18.16, 84.95, 1028.77
18.17, 84.95, 1028.77
18.17, 84.96, 1028.79
18.16, 84.96, 1028.81
18.17, 84.96, 1028.84
18.16, 84.95, 1028.87
18.17, 84.96, 1028.9
18.17, 84.96, 1028.88
18.17, 84.95, 1028.89
18.17, 84.96, 1028.92
18.18, 84.96, 1028.93
18.17, 84.96, 1028.94
18.18, 84.96, 1028.93
18.17, 84.95, 1028.94
18.17, 84.95, 1028.93
18.18, 84.95, 1028.95
18.18, 84.95, 1028.94
18.17, 84.95, 1028.9
18.17, 84.95, 1028.94
18.18, 84.95, 1028.9
18.18, 84.95, 1028.94
18.17, 84.95, 1028.9
18.18, 84.95, 1028.96
18.17, 84.95, 1028.93
18.17, 84.95, 1028.96
18.17, 84.95, 1028.93
18.17, 84.95, 1028.92
18.18, 84.95, 1028.95
18.18, 84.95, 1028.95
18.17, 84.95, 1028.98
18.18, 84.94, 1029.0
18.18, 84.95, 1028.99
18.18, 84.95, 1029.0
18.17, 84.95, 1028.95
18.18, 84.94, 1029.01
18.17, 84.94, 1028.96
18.18, 84.95, 1029.03
18.17, 84.95, 1028.97
18.17, 84.95, 1029.02
18.17, 84.94, 1028.97
18.17, 84.95, 1029.01
18.17, 84.95, 1028.95
18.18, 84.95, 1028.94
18.18, 84.95, 1028.95
18.17, 84.95, 1028.92
18.17, 84.94, 1028.92
18.17, 84.94, 1028.92
18.17, 84.96, 1028.97
18.17, 84.94, 1028.95
18.18, 84.95, 1028.98
18.18, 84.94, 1028.98
18.18, 84.94, 1029.0
18.18, 84.94, 1028.97
18.17, 84.94, 1028.95
18.18, 84.94, 1028.97
18.18, 84.94, 1029.02
18.17, 84.94, 1028.98
18.18, 84.94, 1028.97
18.18, 84.94, 1029.03
18.18, 84.94, 1028.98
18.18, 84.94, 1028.96
18.18, 84.94, 1028.96
18.18, 84.94, 1028.94
18.18, 84.94, 1028.97
18.18, 84.94, 1028.93
18.18, 84.94, 1028.94
18.18, 84.94, 1028.92
18.18, 84.94, 1028.9
18.18, 84.94, 1028.92
18.18, 84.94, 1028.93
18.18, 84.94, 1028.9
18.18, 84.93, 1028.94
18.18, 84.94, 1028.89
18.18, 84.94, 1028.92
18.18, 84.93, 1028.88
18.18, 84.93, 1028.89
18.17, 84.93, 1028.88
18.18, 84.93, 1028.87
18.18, 84.93, 1028.86
18.18, 84.93, 1028.86
18.18, 84.94, 1028.88
18.18, 84.93, 1028.86
18.17, 84.93, 1028.86
18.17, 84.93, 1028.81
18.18, 84.93, 1028.8
18.18, 84.93, 1028.86
18.18, 84.93, 1028.84
18.17, 84.93, 1028.84
18.18, 84.93, 1028.82
18.18, 84.93, 1028.8
18.17, 84.93, 1028.84
18.18, 84.93, 1028.82
18.19, 84.93, 1028.81
18.18, 84.93, 1028.81
18.18, 84.93, 1028.83
18.18, 84.93, 1028.85
18.18, 84.93, 1028.84
18.18, 84.94, 1028.82
18.18, 84.93, 1028.8
18.18, 84.93, 1028.81
18.18, 84.93, 1028.79
18.18, 84.93, 1028.83
18.18, 84.93, 1028.82
18.18, 84.93, 1028.82
18.18, 84.93, 1028.9
18.18, 84.93, 1028.84
18.19, 84.93, 1028.85
18.19, 84.93, 1028.84
18.18, 84.93, 1028.8
18.19, 84.93, 1028.87
18.18, 84.93, 1028.79
18.18, 84.93, 1028.81
18.18, 84.93, 1028.78
18.18, 84.93, 1028.84
18.19, 84.93, 1028.8
18.18, 84.93, 1028.78
18.19, 84.93, 1028.76
18.18, 84.93, 1028.8
18.19, 84.93, 1028.82
18.19, 84.93, 1028.81
18.18, 84.93, 1028.79
18.19, 84.93, 1028.85
18.18, 84.93, 1028.82
18.18, 84.93, 1028.82
18.18, 84.93, 1028.84
18.17, 84.93, 1028.82
18.19, 84.93, 1028.84
18.18, 84.93, 1028.82
18.18, 84.93, 1028.77
18.18, 84.93, 1028.76
18.18, 84.92, 1028.77
18.17, 84.93, 1028.75
18.18, 84.92, 1028.8
18.19, 84.93, 1028.79
18.18, 84.93, 1028.81
18.18, 84.93, 1028.79
18.18, 84.93, 1028.81
18.18, 84.93, 1028.81
18.18, 84.93, 1028.87
18.18, 84.93, 1028.82
18.19, 84.93, 1028.83
18.18, 84.93, 1028.79
18.18, 84.92, 1028.8
18.18, 84.93, 1028.82
18.19, 84.93, 1028.83
18.18, 84.93, 1028.84
18.18, 84.93, 1028.83
18.18, 84.93, 1028.82
18.18, 84.93, 1028.8
18.18, 84.93, 1028.82
18.18, 84.92, 1028.81
18.19, 84.93, 1028.83
18.19, 84.93, 1028.78
18.18, 84.93, 1028.8
18.19, 84.93, 1028.8
18.19, 84.92, 1028.78
18.19, 84.93, 1028.76
18.18, 84.93, 1028.73
18.18, 84.93, 1028.76
18.19, 84.93, 1028.75
18.19, 84.92, 1028.78
18.18, 84.92, 1028.73
18.18, 84.93, 1028.77
18.19, 84.92, 1028.76
18.19, 84.92, 1028.79
18.18, 84.92, 1028.78
18.19, 84.92, 1028.75
18.18, 84.92, 1028.78
18.19, 84.93, 1028.81
18.19, 84.93, 1028.8
18.19, 84.92, 1028.78
18.18, 84.92, 1028.74
18.19, 84.92, 1028.79
18.19, 84.92, 1028.78
18.19, 84.92, 1028.82
18.19, 84.92, 1028.72
18.18, 84.92, 1028.76
18.19, 84.92, 1028.74
18.19, 84.92, 1028.72
18.19, 84.92, 1028.72
18.19, 84.92, 1028.68
18.18, 84.92, 1028.69
18.19, 84.92, 1028.73
18.19, 84.92, 1028.73
18.19, 84.92, 1028.71
18.19, 84.92, 1028.7
18.19, 84.92, 1028.69
18.19, 84.92, 1028.68
18.18, 84.92, 1028.65
18.18, 84.92, 1028.62
18.19, 84.92, 1028.69
18.19, 84.92, 1028.67
18.19, 84.92, 1028.68
18.19, 84.92, 1028.64
18.18, 84.92, 1028.64
18.19, 84.93, 1028.7
18.18, 84.92, 1028.66
18.19, 84.92, 1028.68
18.18, 84.92, 1028.66
18.19, 84.92, 1028.67
18.19, 84.92, 1028.73
18.19, 84.92, 1028.71
18.19, 84.92, 1028.66
18.19, 84.92, 1028.64
18.19, 84.92, 1028.66
18.18, 84.92, 1028.57
18.19, 84.92, 1028.61
18.19, 84.92, 1028.62
18.19, 84.92, 1028.59
18.19, 84.92, 1028.57
18.18, 84.92, 1028.59
18.19, 84.92, 1028.58
18.19, 84.92, 1028.58
18.19, 84.92, 1028.58
18.18, 84.92, 1028.57
18.18, 84.92, 1028.58
18.18, 84.92, 1028.57
18.19, 84.92, 1028.55
18.19, 84.92, 1028.52
18.19, 84.92, 1028.55
18.19, 84.92, 1028.5
18.19, 84.92, 1028.53
18.19, 84.92, 1028.52
18.18, 84.92, 1028.52
18.18, 84.92, 1028.5
18.19, 84.92, 1028.52
18.19, 84.91, 1028.53
18.19, 84.92, 1028.51
18.19, 84.92, 1028.53
18.19, 84.92, 1028.55
18.19, 84.92, 1028.55
18.19, 84.93, 1028.6
18.19, 84.92, 1028.56
18.19, 84.92, 1028.55
18.19, 84.91, 1028.57
18.19, 84.93, 1028.58
18.19, 84.92, 1028.6
18.19, 84.92, 1028.61
18.19, 84.92, 1028.57
18.19, 84.92, 1028.6
18.19, 84.92, 1028.55
18.18, 84.92, 1028.57
18.19, 84.92, 1028.61
18.19, 84.92, 1028.59
18.19, 84.92, 1028.55
18.19, 84.92, 1028.54
18.19, 84.91, 1028.56
18.19, 84.92, 1028.55
18.19, 84.92, 1028.49
18.19, 84.92, 1028.49
18.19, 84.93, 1028.51
18.2, 84.93, 1028.46
18.19, 84.91, 1028.48
18.19, 84.91, 1028.51
18.19, 84.91, 1028.48
18.19, 84.93, 1028.5
18.19, 84.92, 1028.49
18.2, 84.93, 1028.5
18.19, 84.91, 1028.46
18.19, 84.92, 1028.48
18.19, 84.9, 1028.47
18.19, 84.91, 1028.49
18.19, 84.92, 1028.48
18.19, 84.91, 1028.48
18.19, 84.93, 1028.49
18.19, 84.91, 1028.46
18.19, 84.92, 1028.46
18.19, 84.93, 1028.47
18.19, 84.92, 1028.53
18.2, 84.93, 1028.55
18.19, 84.92, 1028.53
18.19, 84.92, 1028.51
18.19, 84.92, 1028.47
18.19, 84.92, 1028.47
18.19, 84.93, 1028.47
18.19, 84.92, 1028.48
18.19, 84.92, 1028.48
18.2, 84.92, 1028.57
18.19, 84.92, 1028.52
18.2, 84.93, 1028.48
18.19, 84.91, 1028.46
18.19, 84.91, 1028.49
18.19, 84.91, 1028.44
18.18, 84.91, 1028.43
18.19, 84.91, 1028.44
18.19, 84.92, 1028.42
18.19, 84.91, 1028.44
18.19, 84.92, 1028.47
18.19, 84.91, 1028.49
18.19, 84.93, 1028.47
18.19, 84.92, 1028.51
18.19, 84.91, 1028.49
18.19, 84.92, 1028.49
18.19, 84.92, 1028.51
18.19, 84.92, 1028.49
18.19, 84.93, 1028.46
18.19, 84.92, 1028.47
18.19, 84.92, 1028.45
18.19, 84.92, 1028.44
18.19, 84.91, 1028.49
18.19, 84.93, 1028.49
18.18, 84.92, 1028.43
18.19, 84.92, 1028.44
18.19, 84.93, 1028.44
18.18, 84.91, 1028.41
18.2, 84.93, 1028.48
18.18, 84.92, 1028.49
18.19, 84.92, 1028.51
18.19, 84.93, 1028.47
18.19, 84.91, 1028.42
18.19, 84.93, 1028.39
18.19, 84.91, 1028.41
18.18, 84.91, 1028.38
18.19, 84.91, 1028.4
18.19, 84.92, 1028.43
18.18, 84.92, 1028.42
18.19, 84.91, 1028.42
18.19, 84.92, 1028.46
18.19, 84.93, 1028.45
18.19, 84.91, 1028.4
18.19, 84.92, 1028.42
18.19, 84.91, 1028.39
18.19, 84.91, 1028.42
18.19, 84.91, 1028.35
18.19, 84.92, 1028.37
18.2, 84.92, 1028.38
18.19, 84.91, 1028.37
18.19, 84.91, 1028.35
18.19, 84.92, 1028.32
18.19, 84.91, 1028.38
18.19, 84.91, 1028.33
18.19, 84.91, 1028.32
18.19, 84.92, 1028.34
18.19, 84.91, 1028.35
18.19, 84.91, 1028.34
18.19, 84.92, 1028.35
18.19, 84.91, 1028.29
18.2, 84.92, 1028.35
18.2, 84.92, 1028.3
18.19, 84.92, 1028.28
18.19, 84.92, 1028.27
18.19, 84.91, 1028.31
18.19, 84.91, 1028.29
18.19, 84.91, 1028.25
18.19, 84.92, 1028.25
18.19, 84.91, 1028.25
18.2, 84.92, 1028.26
18.2, 84.92, 1028.23
18.19, 84.91, 1028.21
18.19, 84.91, 1028.22
18.19, 84.91, 1028.22
18.2, 84.92, 1028.25
18.19, 84.91, 1028.21
18.19, 84.92, 1028.23
18.19, 84.92, 1028.23
18.19, 84.92, 1028.21
18.19, 84.92, 1028.16
18.19, 84.92, 1028.2
18.2, 84.92, 1028.24
18.19, 84.92, 1028.23
18.2, 84.92, 1028.19
18.19, 84.91, 1028.19
18.2, 84.92, 1028.23
18.19, 84.91, 1028.21
18.19, 84.91, 1028.2
18.2, 84.92, 1028.23
18.19, 84.91, 1028.22
18.19, 84.92, 1028.2
18.2, 84.92, 1028.21
18.2, 84.92, 1028.24
18.19, 84.92, 1028.22
18.2, 84.92, 1028.22
18.2, 84.92, 1028.23
18.19, 84.91, 1028.2
18.19, 84.92, 1028.23
18.19, 84.91, 1028.23
18.19, 84.92, 1028.26
18.19, 84.92, 1028.27
18.19, 84.91, 1028.23
18.19, 84.91, 1028.23
18.19, 84.92, 1028.26
18.2, 84.92, 1028.27
18.19, 84.92, 1028.27
18.2, 84.93, 1028.27
18.19, 84.92, 1028.27
18.19, 84.92, 1028.25
18.19, 84.92, 1028.22
18.19, 84.93, 1028.24
18.2, 84.92, 1028.3
18.2, 84.92, 1028.23
18.19, 84.92, 1028.25
18.19, 84.92, 1028.22
18.2, 84.92, 1028.27
18.19, 84.92, 1028.24
18.19, 84.92, 1028.21
18.2, 84.92, 1028.25
18.2, 84.93, 1028.25
18.2, 84.93, 1028.28
18.2, 84.93, 1028.3
18.19, 84.93, 1028.29
18.19, 84.91, 1028.3
18.2, 84.92, 1028.28
18.2, 84.92, 1028.26
18.2, 84.92, 1028.27
18.2, 84.92, 1028.25
18.2, 84.92, 1028.28
18.2, 84.92, 1028.3
18.2, 84.93, 1028.31
18.2, 84.92, 1028.34
18.2, 84.92, 1028.28
18.2, 84.92, 1028.29
18.2, 84.91, 1028.3
18.2, 84.92, 1028.26
18.2, 84.92, 1028.3
18.2, 84.92, 1028.27
18.2, 84.92, 1028.28
18.2, 84.92, 1028.29
18.2, 84.92, 1028.25
18.2, 84.93, 1028.27
18.2, 84.92, 1028.27
18.19, 84.93, 1028.29
18.2, 84.92, 1028.27
18.2, 84.92, 1028.28
18.2, 84.92, 1028.31
18.2, 84.92, 1028.3
18.2, 84.92, 1028.25
18.2, 84.91, 1028.25
18.2, 84.92, 1028.29
18.2, 84.93, 1028.28
18.2, 84.92, 1028.25
18.2, 84.92, 1028.32
18.2, 84.93, 1028.31
18.2, 84.92, 1028.31
18.21, 84.92, 1028.27
18.21, 84.92, 1028.31
18.19, 84.92, 1028.32
18.2, 84.92, 1028.31
18.2, 84.92, 1028.32
18.2, 84.92, 1028.31
18.2, 84.92, 1028.3
18.2, 84.92, 1028.33
18.2, 84.93, 1028.31
18.2, 84.93, 1028.3
18.2, 84.92, 1028.27
18.2, 84.92, 1028.29
18.2, 84.92, 1028.3
18.2, 84.92, 1028.32
18.2, 84.92, 1028.3
18.2, 84.92, 1028.32
18.2, 84.92, 1028.33
18.2, 84.93, 1028.31
18.21, 84.92, 1028.33
18.2, 84.92, 1028.34
18.21, 84.92, 1028.36
18.21, 84.92, 1028.36
18.2, 84.92, 1028.39
18.2, 84.92, 1028.32
18.21, 84.92, 1028.36
18.2, 84.92, 1028.38
18.2, 84.93, 1028.38
18.2, 84.92, 1028.39
18.21, 84.92, 1028.37
18.21, 84.92, 1028.4
18.21, 84.92, 1028.41
18.21, 84.92, 1028.41
18.21, 84.92, 1028.42
18.2, 84.92, 1028.33
18.2, 84.92, 1028.34
18.21, 84.92, 1028.39
18.21, 84.92, 1028.39
18.21, 84.91, 1028.38
18.21, 84.92, 1028.37
18.21, 84.92, 1028.38
18.2, 84.92, 1028.38
18.2, 84.92, 1028.35
18.2, 84.92, 1028.35
18.21, 84.92, 1028.35
18.2, 84.92, 1028.32
18.21, 84.92, 1028.31
18.2, 84.91, 1028.32
18.21, 84.92, 1028.35
18.21, 84.91, 1028.36
18.21, 84.91, 1028.32
18.21, 84.91, 1028.33
18.21, 84.92, 1028.3
18.21, 84.91, 1028.31
18.21, 84.92, 1028.35
18.21, 84.91, 1028.32
18.21, 84.91, 1028.29

